22
115
0 20 17 16
0 45 12 4
0 64 9 17
0 78 3 3
4 14 0 11
4 36 8 14
4 64 6 11
8 19 0 10
8 39 10 0
8 60 6 13
8 65 15 9
12 15 0 2
12 38 13 3
12 50 14 5
12 53 17 18
12 62 3 18
16 13 2 16
16 27 12 9
16 45 7 19
16 54 2 5
16 83 4 15
20 27 12 13
20 50 1 11
20 60 0 13
20 76 2 19
24 9 10 10
24 26 9 5
24 55 19 7
24 71 2 8
24 74 14 0
28 14 2 5
28 29 6 13
28 49 14 17
28 76 15 19
28 82 13 7
32 14 9 12
32 30 17 7
32 38 5 6
32 55 1 4
36 24 0 16
36 48 19 4
36 54 0 17
36 60 16 5
36 76 14 15
40 28 1 16
40 49 0 10
40 67 0 6
40 84 13 19
44 6 6 13
44 27 4 16
44 35 5 7
44 36 10 11
44 47 19 1
44 73 5 10
48 27 9 19
48 49 2 11
48 60 16 6
48 70 11 7
48 81 7 13
52 14 3 4
52 38 8 1
52 62 0 10
56 7 9 15
56 24 13 2
56 32 13 18
56 43 16 13
56 44 4 3
56 64 8 8
56 77 17 3
60 4 7 10
60 29 2 6
60 31 14 19
60 54 16 3
60 74 15 6
60 76 4 15
60 77 5 1
64 18 10 1
64 27 18 10
64 49 19 5
64 51 7 5
64 73 6 4
68 5 1 6
68 12 18 10
68 13 8 2
68 26 17 6
68 39 19 10
68 44 9 17
68 54 8 14
68 76 5 0
72 2 2 17
72 6 17 1
72 34 1 13
72 38 7 9
72 49 8 14
72 53 19 2
72 64 5 8
72 73 2 18
76 3 8 11
76 28 5 12
76 42 8 4
76 57 16 12
76 75 3 1
80 3 6 3
80 16 0 4
80 30 4 19
80 51 11 3
80 68 2 15
80 69 1 19
80 83 1 6
84 12 7 11
84 13 17 2
84 33 12 19
84 54 2 3
84 69 10 5
84 71 18 12
