21
102
3 21 13 13
3 50 12 12
3 80 6 1
7 14 9 12
7 41 10 17
7 44 2 1
7 47 13 9
7 61 17 17
7 72 11 4
7 84 3 7
11 23 18 2
11 25 1 9
11 46 17 7
11 66 4 7
11 68 9 13
15 11 4 15
15 25 7 19
15 45 0 16
15 58 15 15
15 68 17 7
19 30 0 5
19 39 2 7
19 42 5 19
19 54 16 7
19 60 10 0
19 64 13 9
23 29 3 18
23 50 3 3
23 58 18 2
23 76 9 2
23 83 9 0
27 15 18 17
27 41 4 19
27 71 7 16
27 77 17 17
31 9 16 4
31 19 8 7
31 25 2 9
31 42 12 6
31 57 19 16
35 19 19 15
35 31 3 12
35 50 3 14
35 66 1 19
39 5 7 11
39 29 9 5
39 59 4 3
39 70 1 10
43 4 9 6
43 28 5 11
43 45 19 17
43 54 0 19
43 79 8 1
47 4 13 4
47 5 9 19
47 17 6 15
47 34 6 13
47 37 3 0
47 40 19 5
47 46 16 5
47 61 18 8
51 21 1 15
51 34 18 1
51 55 11 1
51 77 16 0
55 29 18 12
55 42 9 13
55 62 4 4
59 30 4 1
59 49 7 5
59 62 0 15
59 74 14 11
63 3 6 11
63 24 1 11
63 29 7 9
63 39 0 2
63 67 14 8
67 29 7 3
67 47 16 7
67 56 7 18
67 80 10 17
71 29 1 11
71 55 5 15
71 79 13 9
75 22 18 10
75 26 11 13
75 47 11 4
75 51 2 13
75 63 1 4
75 64 8 14
75 65 11 12
75 79 19 11
79 2 6 7
79 3 19 3
79 22 2 5
79 52 18 14
79 77 9 7
83 12 5 0
83 33 19 10
83 36 2 3
83 63 18 1
83 78 6 9
