1372
7113
0 400 2 1
0 804 2 2
0 906 2 1
0 1223 2 0
0 1294 0 2
1 262 0 2
1 299 2 2
1 568 2 2
1 703 0 0
1 799 0 0
1 1049 0 0
2 156 0 2
2 606 0 1
2 862 0 0
2 975 1 0
2 978 0 0
2 1096 1 0
2 1362 2 0
3 28 2 0
3 319 2 0
3 766 0 0
3 1203 1 2
4 314 0 2
4 500 0 0
4 790 1 2
4 1283 0 1
5 339 2 1
5 432 2 1
5 572 0 0
5 628 2 1
5 820 0 2
5 1249 1 1
6 484 0 0
6 522 2 1
6 529 0 0
6 663 1 1
6 755 2 0
6 1197 0 1
7 168 1 0
7 418 2 1
7 538 1 2
7 752 1 0
7 822 2 1
7 1240 0 0
7 1286 1 1
8 331 1 2
8 371 2 1
8 610 0 1
8 1095 2 1
8 1118 0 0
8 1139 2 2
9 251 1 2
9 498 2 0
9 621 2 0
9 937 2 1
9 946 0 0
9 978 1 1
9 1317 0 1
10 182 0 1
10 678 2 0
10 684 0 2
10 1139 2 2
11 121 1 0
11 206 2 1
11 442 2 1
11 597 0 0
11 1011 2 2
11 1226 2 1
12 342 2 2
12 358 2 1
12 424 1 0
12 724 1 0
12 1083 0 1
12 1254 2 1
13 428 0 0
13 485 1 2
13 512 2 2
13 651 2 1
13 727 0 2
13 1034 0 1
13 1365 1 0
14 150 0 1
14 197 0 0
14 612 0 1
14 1093 1 2
14 1104 2 0
15 215 1 2
15 412 2 1
15 607 1 2
15 750 1 2
15 977 0 2
15 1089 1 0
15 1179 2 1
16 212 0 2
16 684 1 2
16 715 2 2
16 951 0 1
16 1228 0 0
17 71 2 1
17 297 2 1
17 684 2 2
17 719 0 2
17 1171 1 0
17 1328 1 1
18 144 2 2
18 401 2 2
18 844 1 2
18 1000 2 2
18 1088 1 1
19 37 1 2
19 449 1 1
19 915 1 0
20 276 0 1
20 496 1 0
20 654 1 1
20 1036 0 2
20 1095 2 0
21 456 1 2
21 657 2 1
21 1028 1 0
21 1090 1 2
21 1251 0 0
22 119 2 2
22 206 2 2
22 219 1 0
22 400 0 1
22 477 1 0
22 625 0 2
22 891 2 0
22 1071 1 2
22 1368 1 2
23 172 0 0
23 263 1 2
23 469 1 0
23 960 1 0
24 83 1 0
24 565 1 2
24 882 0 1
24 1368 2 1
24 1369 0 1
25 30 2 0
25 81 2 0
25 240 1 1
25 364 2 2
25 425 2 1
25 808 0 1
25 924 1 0
25 1264 1 2
26 31 1 0
26 300 1 2
26 324 1 2
26 395 2 1
26 887 0 1
26 1128 1 2
26 1312 0 2
26 1353 0 2
27 178 0 0
27 313 0 0
27 752 1 2
27 977 2 1
27 1313 1 2
28 261 0 0
28 611 0 0
28 970 2 0
28 1312 1 1
28 1337 1 2
29 149 0 2
29 217 0 0
29 712 1 1
29 777 2 1
29 921 2 2
29 1300 2 0
30 88 1 1
30 414 1 2
30 663 2 0
30 1162 2 2
31 82 1 2
31 106 0 1
31 580 1 1
31 896 0 2
31 932 1 0
32 48 1 1
32 358 0 2
32 712 2 1
32 977 1 1
33 116 0 2
33 405 1 2
33 431 1 2
33 492 1 2
33 626 2 2
33 657 1 1
33 778 2 1
33 1098 1 0
33 1357 0 0
34 158 2 1
34 248 0 2
34 550 2 0
34 882 0 1
34 1328 2 0
35 59 0 0
35 152 0 1
35 237 2 1
35 352 2 1
35 819 1 2
35 1085 2 1
35 1202 1 1
36 110 0 0
36 183 2 1
36 566 0 0
36 946 1 0
36 1031 0 1
36 1095 0 2
36 1096 0 0
37 6 2 0
37 478 0 0
37 695 1 1
37 1116 0 0
38 12 0 2
38 277 1 2
38 512 0 1
38 621 2 0
38 1056 0 0
39 259 0 1
39 491 2 0
39 551 2 1
39 597 2 1
39 611 0 0
39 631 0 2
39 720 0 0
39 869 0 2
39 1145 2 0
40 310 1 0
40 704 1 0
40 720 1 2
40 907 0 0
40 1199 1 0
40 1320 2 2
41 359 1 1
41 472 2 0
41 954 1 0
41 1359 0 1
42 170 0 1
42 325 1 0
42 420 0 2
42 698 1 1
42 872 1 1
42 1027 2 2
42 1366 0 1
43 31 2 0
43 363 2 1
43 384 2 0
43 728 2 1
43 896 1 0
43 1074 0 0
44 252 1 0
44 479 1 1
44 804 0 1
44 818 1 0
44 958 0 1
44 1177 1 0
45 346 2 0
45 633 1 1
45 1100 1 2
46 378 2 0
46 871 1 0
46 1300 1 1
47 461 0 0
47 739 0 2
47 814 1 0
47 1018 2 2
47 1073 0 0
48 261 1 0
48 327 2 0
48 616 0 2
48 713 0 1
48 1195 2 1
48 1201 2 2
49 497 0 1
49 698 1 0
49 1114 1 1
49 1167 2 1
49 1312 0 2
50 88 1 1
50 145 2 2
50 505 1 2
50 565 2 1
50 856 1 1
50 1063 0 0
50 1158 1 0
51 214 1 0
51 492 1 0
51 829 1 1
51 838 2 0
51 949 2 1
51 950 0 0
51 1263 0 1
52 395 2 1
52 660 1 1
52 883 1 0
52 972 0 1
52 1065 1 1
53 206 0 2
53 318 1 2
53 600 2 0
53 644 1 0
53 783 0 0
53 1091 2 0
53 1153 0 1
53 1189 0 2
53 1247 0 2
53 1279 2 0
54 223 1 0
54 547 1 2
54 776 1 1
54 778 2 0
54 909 2 1
54 1277 0 2
54 1330 2 1
55 445 2 2
55 588 0 0
55 786 0 0
55 1147 2 0
56 94 0 0
56 154 1 0
56 164 0 2
56 174 1 1
56 557 0 1
56 608 0 0
56 919 1 2
56 1012 1 0
56 1015 2 1
57 334 2 1
57 359 0 2
57 556 2 1
57 829 1 1
57 931 0 1
57 1239 0 0
58 332 0 0
58 783 1 2
58 888 0 2
58 1081 1 0
58 1176 1 2
59 411 2 2
59 486 0 1
59 537 1 0
59 867 2 0
59 1233 0 1
59 1334 0 1
60 249 2 2
60 551 1 1
60 755 1 0
60 1012 2 0
60 1054 1 1
60 1089 1 2
60 1362 2 0
60 1363 0 1
61 39 1 2
61 494 0 0
61 539 2 1
61 1028 0 0
61 1369 0 1
62 242 0 1
62 691 0 0
62 1111 1 0
62 1141 1 0
62 1174 1 2
62 1244 2 2
62 1284 2 1
63 124 1 0
63 170 2 1
63 225 0 2
63 436 1 0
63 895 1 2
63 1277 0 1
64 316 2 1
64 711 1 0
64 971 0 2
64 1111 0 1
64 1171 0 1
65 194 2 1
65 263 2 1
65 564 2 0
65 608 0 2
65 904 1 2
65 979 1 1
65 1058 2 0
66 247 0 1
66 571 1 2
66 798 0 0
66 1117 0 2
66 1212 0 1
67 282 0 1
67 627 1 2
67 1007 0 1
68 418 0 0
68 633 2 0
68 812 0 1
68 986 0 2
68 1164 1 0
69 89 0 1
69 132 2 0
69 226 1 1
69 538 1 2
69 744 1 0
69 1180 2 2
70 473 2 2
70 490 0 1
70 495 2 1
70 711 0 0
70 857 1 1
70 1336 1 2
70 1353 1 1
71 188 1 0
71 470 0 0
71 582 2 1
71 617 0 1
71 944 0 2
71 1260 2 0
72 67 2 0
72 413 1 1
72 651 2 2
72 938 0 0
72 1319 1 1
73 12 1 0
73 145 2 0
73 499 2 2
73 789 0 1
73 1118 2 0
73 1204 1 0
73 1205 2 0
74 486 0 1
74 650 0 1
74 706 1 2
74 776 2 1
74 1223 1 1
75 211 1 1
75 441 2 0
75 553 0 1
75 565 0 2
75 916 2 0
75 1312 0 1
76 243 2 1
76 550 0 2
76 927 2 0
76 1106 2 0
76 1165 0 2
76 1210 1 2
76 1307 2 2
76 1312 2 0
76 1371 2 2
77 113 2 2
77 356 0 0
77 751 0 1
77 932 2 2
77 1096 2 2
77 1260 2 1
77 1323 0 2
78 326 2 1
78 782 1 2
78 1272 1 2
79 35 1 0
79 375 0 2
79 376 1 0
79 593 0 0
79 916 1 0
79 969 2 1
79 1243 2 1
80 166 0 0
80 520 0 0
80 739 0 0
80 1004 1 2
80 1317 1 2
81 70 2 0
81 136 1 0
81 394 2 1
81 765 0 1
81 848 1 0
81 947 1 2
82 444 0 1
82 725 0 0
82 977 0 1
82 1119 1 0
83 244 0 1
83 725 2 1
83 830 0 0
83 884 1 2
83 1130 2 2
84 394 1 2
84 859 0 0
84 1241 2 1
85 184 1 1
85 361 2 0
85 455 2 1
85 797 2 2
85 1073 1 2
85 1074 2 2
85 1280 1 0
86 331 0 1
86 613 0 1
86 817 0 1
86 984 2 1
87 370 2 2
87 737 0 0
87 937 0 0
87 1127 2 2
88 48 2 1
88 379 1 0
88 761 1 2
88 996 2 1
88 1127 0 2
89 169 1 0
89 613 2 2
89 958 2 1
90 393 1 1
90 727 2 1
90 1178 2 0
90 1366 0 0
91 141 1 0
91 330 2 0
91 513 1 1
91 650 0 0
91 813 0 2
91 1052 0 2
91 1262 0 0
92 344 0 0
92 345 2 2
92 390 0 1
92 549 0 0
92 861 1 2
92 1357 2 1
93 76 0 1
93 378 2 1
93 823 1 2
93 885 1 0
93 1337 1 2
94 237 2 2
94 346 0 2
94 402 2 0
94 581 1 2
94 1051 2 0
95 172 2 0
95 507 0 1
95 605 2 1
95 1080 0 1
95 1202 2 0
96 312 0 1
96 667 0 0
96 1111 0 1
96 1314 1 1
97 207 1 1
97 514 0 2
97 982 1 1
97 1262 2 0
97 1296 0 2
97 1363 1 1
98 455 0 0
98 715 1 0
98 1116 1 1
98 1126 1 2
98 1163 1 0
99 125 1 2
99 363 0 0
99 497 2 2
99 631 2 1
99 667 2 0
99 868 1 2
99 956 0 2
99 1097 2 2
100 225 0 1
100 489 2 2
100 764 2 2
100 812 2 2
100 819 0 0
100 832 0 0
100 967 2 2
100 1264 2 2
100 1350 1 0
101 182 1 2
101 295 2 1
101 621 0 1
101 869 0 2
101 1119 0 1
101 1178 0 2
101 1368 0 0
102 359 0 1
102 826 2 2
102 1193 1 0
103 168 2 1
103 315 2 1
103 798 0 1
103 1173 1 0
104 32 2 0
104 232 2 0
104 478 1 1
104 511 2 1
104 813 2 0
104 1240 1 2
105 319 0 1
105 518 2 0
105 630 1 0
105 1040 1 1
105 1211 0 0
106 496 1 1
106 984 2 1
106 1282 0 1
106 1371 2 2
107 402 1 0
107 806 2 2
107 1129 1 2
108 16 1 2
108 493 1 1
108 944 0 1
108 1302 0 2
109 473 1 2
109 667 1 1
109 815 0 1
109 1004 2 1
109 1234 1 1
110 233 2 0
110 516 1 2
110 567 2 2
110 920 0 2
110 1168 1 0
111 279 0 0
111 317 2 1
111 357 2 0
111 798 0 0
111 902 0 1
111 1014 2 2
111 1048 0 0
112 291 1 1
112 367 2 1
112 500 2 1
112 640 2 2
112 746 2 2
112 1116 1 0
112 1305 1 1
113 296 0 2
113 417 1 0
113 503 2 2
113 838 1 0
113 1058 2 2
114 413 2 1
114 712 0 1
114 1014 0 0
114 1216 1 2
115 117 1 1
115 211 2 0
115 586 1 1
115 929 2 1
116 114 2 2
116 428 0 2
116 472 2 1
116 617 2 1
116 765 2 2
116 1092 1 0
117 54 1 2
117 82 0 0
117 196 0 0
117 567 1 0
117 861 1 1
117 894 1 0
117 896 0 1
117 1198 0 0
118 359 0 0
118 832 2 2
118 1289 2 0
119 71 1 2
119 309 0 1
119 556 1 0
119 769 0 2
119 805 0 1
119 955 2 1
119 1010 0 0
120 225 2 2
120 409 1 1
120 615 0 0
120 868 1 2
120 1232 2 2
121 3 1 1
121 151 1 0
121 535 2 2
121 595 2 2
121 823 0 1
121 1301 2 2
122 404 1 1
122 578 1 0
122 586 2 1
122 644 1 0
122 1060 1 1
123 34 0 0
123 179 0 1
123 188 1 2
123 632 2 1
123 1005 2 2
123 1208 1 2
124 48 1 0
124 495 2 0
124 932 1 1
124 1351 0 1
125 307 0 1
125 369 0 0
125 725 2 1
125 1029 0 2
125 1103 0 2
125 1286 1 1
126 433 1 1
126 545 0 2
126 859 0 2
126 1349 2 2
127 471 1 1
127 503 1 1
127 570 2 1
127 1068 2 2
127 1139 1 2
128 422 0 1
128 871 2 2
128 1100 0 2
128 1200 2 1
129 375 0 1
129 669 1 2
129 852 1 1
129 952 2 0
129 1249 1 2
129 1305 0 2
130 434 1 0
130 801 1 2
130 901 1 1
130 952 2 1
130 1057 1 1
130 1259 0 1
131 30 1 0
131 274 2 1
131 564 1 1
131 1010 1 2
132 307 0 1
132 579 0 2
132 742 0 0
132 914 1 0
132 1317 2 0
133 365 2 1
133 843 0 0
133 1126 2 2
133 1230 0 0
133 1335 1 2
134 121 2 2
134 301 1 0
134 375 2 0
134 734 0 0
134 1149 1 0
134 1309 0 1
135 394 0 0
135 423 1 2
135 603 1 0
135 731 1 0
135 824 1 2
135 1118 0 2
136 355 0 0
136 409 1 0
136 551 0 0
136 882 2 2
136 1294 0 1
136 1341 2 2
137 384 2 2
137 803 0 0
137 1144 1 2
138 432 2 1
138 792 2 2
138 960 2 1
139 316 2 2
139 411 2 1
139 640 2 0
139 968 2 1
140 496 1 2
140 806 1 2
140 967 1 1
140 1238 2 0
141 122 0 2
141 537 0 0
141 956 1 2
141 1036 0 0
141 1340 2 0
142 218 0 1
142 335 1 2
142 632 1 1
142 1012 0 1
142 1302 2 1
143 319 2 2
143 578 2 2
143 628 0 0
143 1128 2 1
144 162 1 2
144 579 2 1
144 736 1 1
144 773 1 0
144 980 1 2
144 1147 1 1
145 114 0 2
145 314 0 0
145 639 0 1
145 1051 1 0
146 484 1 0
146 512 0 2
146 536 1 2
146 712 1 0
146 995 0 2
146 1005 0 0
146 1010 0 0
147 470 1 0
147 922 1 1
147 1072 0 1
147 1083 2 2
148 50 1 0
148 308 1 2
148 464 0 1
148 620 1 1
148 985 2 0
148 1163 1 1
148 1237 2 2
148 1309 0 0
149 375 0 0
149 380 0 0
149 446 1 2
149 529 2 2
149 869 2 2
149 1287 1 0
150 142 0 0
150 542 0 0
150 866 1 1
150 1319 2 2
151 400 0 1
151 674 1 1
151 1136 2 2
151 1143 1 0
151 1354 1 1
152 398 2 2
152 511 0 1
152 966 1 0
153 293 1 0
153 413 0 2
153 628 0 0
153 1041 0 1
153 1086 0 1
154 189 1 0
154 333 2 0
154 468 1 2
154 704 1 2
154 887 1 2
154 1070 1 0
154 1327 0 2
155 361 0 0
155 753 1 2
155 1015 2 0
155 1272 0 2
156 292 1 2
156 592 0 2
156 701 1 0
156 972 1 0
156 1297 0 0
157 217 1 0
157 472 0 1
157 836 0 2
157 1126 0 0
158 164 2 0
158 326 1 1
158 709 0 2
158 845 1 1
158 1105 1 0
158 1193 2 1
158 1333 0 0
159 243 1 0
159 315 2 1
159 716 1 0
159 1064 2 2
159 1314 0 1
160 94 0 2
160 380 2 0
160 406 2 2
160 519 0 0
160 540 2 0
160 859 1 0
160 923 1 2
160 1153 2 1
160 1329 1 2
161 224 2 0
161 352 1 0
161 588 0 1
161 895 2 0
161 906 1 0
162 489 2 1
162 674 1 2
162 975 2 1
163 436 2 0
163 837 0 1
163 843 2 2
163 1066 0 1
164 211 2 0
164 675 1 1
164 1138 1 2
165 305 1 2
165 392 0 1
165 702 2 2
165 1105 1 1
165 1146 0 0
166 316 2 0
166 719 0 1
166 1052 2 1
166 1289 1 0
167 148 0 0
167 171 1 1
167 219 2 2
167 424 1 2
167 677 2 0
167 989 2 1
168 60 2 0
168 326 1 0
168 812 2 1
168 830 1 1
168 920 2 0
168 1139 0 2
168 1168 1 2
168 1224 0 2
169 190 1 1
169 481 1 0
169 938 1 2
169 1155 0 0
170 2 0 2
170 241 0 1
170 718 1 2
170 939 2 1
170 1359 0 0
171 349 0 2
171 739 0 2
171 963 0 1
172 248 1 2
172 725 0 1
172 1101 1 1
173 182 2 2
173 383 2 1
173 423 0 0
173 739 2 0
173 1201 2 2
174 83 0 1
174 212 1 0
174 521 1 1
174 873 2 0
174 1298 2 1
175 414 1 0
175 443 1 0
175 665 2 1
175 1118 2 1
176 17 0 2
176 346 2 2
176 595 0 1
176 663 0 0
176 890 1 0
176 930 2 2
176 1260 2 1
177 306 2 1
177 585 0 1
177 1073 0 2
178 484 2 0
178 870 0 1
178 1111 0 0
179 21 1 2
179 207 2 2
179 299 1 0
179 316 2 0
179 765 2 2
179 834 0 2
179 1261 0 0
180 350 0 0
180 613 2 1
180 953 1 2
180 1021 0 1
181 40 2 1
181 94 2 2
181 135 1 2
181 360 1 0
181 526 1 2
181 587 0 0
181 839 2 0
181 981 0 0
181 1254 0 0
182 337 0 1
182 822 2 1
182 901 1 1
182 1256 2 2
183 307 2 0
183 666 2 2
183 692 0 1
183 701 0 2
183 955 1 2
183 1066 1 2
184 51 1 0
184 188 1 2
184 337 0 1
184 619 1 2
184 1049 0 1
185 116 1 2
185 434 2 1
185 804 2 0
185 1094 0 0
185 1147 2 2
186 60 1 1
186 346 0 1
186 440 0 0
186 670 1 0
186 751 1 2
186 786 1 1
186 831 2 2
186 1056 1 2
187 364 1 2
187 398 2 2
187 823 2 0
187 853 2 0
187 1221 2 1
187 1337 0 0
188 393 2 2
188 657 2 2
188 716 2 2
188 1087 2 1
189 20 1 0
189 42 2 1
189 149 1 0
189 312 0 0
189 653 0 1
189 803 0 0
189 1205 1 2
190 203 0 1
190 311 1 0
190 642 1 0
190 739 0 0
190 1234 2 0
190 1242 1 2
190 1348 0 2
191 170 1 1
191 377 0 0
191 690 2 0
191 1010 0 1
192 394 1 1
192 804 1 0
192 1063 2 0
193 486 0 0
193 837 2 2
193 934 1 0
193 1158 0 2
193 1253 2 1
194 371 1 2
194 648 0 0
194 951 1 0
194 1186 1 1
194 1231 0 1
195 340 2 2
195 346 0 2
195 809 0 1
195 1070 0 2
195 1311 0 1
196 345 0 0
196 516 2 2
196 998 0 0
197 117 1 1
197 136 2 1
197 170 0 1
197 472 1 0
197 744 0 0
197 1071 0 0
197 1270 2 1
198 416 2 0
198 565 2 2
198 856 1 1
198 1168 0 1
199 14 0 2
199 266 0 2
199 512 2 2
199 834 2 2
199 1255 2 2
199 1282 1 1
199 1363 0 0
200 305 2 2
200 536 1 0
200 876 1 2
200 1103 0 1
200 1144 1 1
201 154 0 0
201 462 1 2
201 570 0 2
201 1025 2 2
201 1191 2 2
201 1351 1 0
202 324 0 0
202 682 0 2
202 1035 0 1
202 1263 2 0
203 263 1 0
203 721 1 1
203 996 0 0
203 1045 0 1
203 1050 2 0
203 1286 1 0
204 152 1 2
204 410 2 2
204 830 2 0
204 1114 0 2
205 57 1 2
205 357 0 0
205 835 0 0
205 945 1 1
205 1267 1 0
206 47 0 2
206 513 0 1
206 902 2 1
206 939 0 0
206 1063 2 1
206 1217 2 1
207 111 1 1
207 140 0 2
207 490 2 2
207 947 0 0
207 1351 2 2
208 473 0 0
208 791 1 0
208 1205 1 0
209 247 1 0
209 701 1 0
209 1106 0 2
209 1331 1 1
210 152 1 0
210 462 2 0
210 852 1 0
210 1244 1 1
211 94 1 1
211 246 1 2
211 403 0 2
211 872 1 0
211 1224 2 2
212 162 1 2
212 648 2 0
212 1091 1 1
212 1132 0 0
213 259 2 0
213 519 2 1
213 733 0 0
213 1163 1 1
214 220 1 2
214 567 1 1
214 703 2 0
214 736 1 2
214 945 2 1
215 425 1 1
215 885 2 2
215 1200 1 0
216 3 1 0
216 193 0 1
216 330 1 1
216 505 2 0
216 889 0 1
216 942 1 1
216 1019 2 2
216 1265 1 2
217 388 0 0
217 682 2 2
217 705 1 1
217 976 0 0
217 1366 1 2
218 193 0 1
218 293 2 0
218 322 0 1
218 337 0 2
218 454 2 0
218 695 0 1
218 1128 0 2
219 329 2 0
219 488 2 1
219 491 1 2
219 927 2 0
219 1282 2 0
220 383 0 0
220 793 0 1
220 1111 1 2
220 1137 2 0
220 1297 0 0
221 46 2 1
221 512 1 1
221 741 2 2
221 916 1 2
221 1320 2 2
222 21 0 0
222 123 2 1
222 276 1 2
222 349 0 1
222 430 2 1
222 900 2 2
222 1010 0 0
222 1219 0 2
222 1340 1 0
223 94 0 2
223 538 2 1
223 561 2 1
223 740 0 2
223 769 0 1
223 974 0 2
223 1294 1 2
224 394 2 1
224 494 2 2
224 654 2 2
224 807 1 0
224 977 0 2
224 1321 0 1
224 1334 0 1
225 245 2 2
225 613 2 1
225 796 1 2
225 1259 2 0
225 1306 1 0
226 315 2 0
226 712 1 1
226 1125 0 0
227 256 2 1
227 368 2 2
227 683 2 2
227 709 2 1
227 1062 1 1
228 438 0 1
228 667 1 1
228 969 0 1
229 20 2 2
229 383 0 0
229 397 0 1
229 745 2 1
229 1240 1 2
230 339 0 2
230 440 1 2
230 442 1 1
230 795 1 1
230 1111 0 2
230 1122 1 2
230 1168 1 0
231 257 2 0
231 640 1 1
231 1129 2 1
231 1362 2 2
232 301 1 0
232 663 1 0
232 853 0 2
232 1116 1 1
233 94 0 2
233 98 2 2
233 285 1 1
233 760 0 0
233 989 0 0
233 1295 1 0
234 294 1 2
234 632 2 1
234 984 1 1
234 1229 0 2
235 433 1 1
235 562 2 1
235 568 1 0
235 974 0 1
235 1324 2 0
236 79 1 1
236 446 1 2
236 592 0 0
236 745 2 2
236 1059 1 0
237 209 2 0
237 405 1 1
237 525 1 0
237 993 2 2
237 1310 0 1
238 155 0 0
238 529 2 2
238 851 1 1
238 1150 2 2
238 1154 2 0
238 1233 1 1
239 219 1 0
239 607 2 2
239 1038 0 2
239 1188 2 1
239 1368 1 0
240 234 0 1
240 704 0 2
240 1102 0 1
240 1343 0 0
241 201 1 1
241 486 2 2
241 955 1 0
242 193 0 2
242 591 1 2
242 1011 2 0
242 1361 0 0
243 488 1 1
243 833 2 0
243 860 1 1
243 1325 1 2
244 468 0 2
244 577 0 0
244 674 1 0
244 1091 0 2
245 404 1 0
245 734 2 1
245 1146 0 1
246 54 2 2
246 323 2 0
246 784 0 1
246 1111 0 1
247 171 1 0
247 190 0 2
247 428 0 2
247 829 1 0
247 1036 2 1
247 1171 1 2
248 122 2 1
248 524 2 1
248 844 0 0
248 847 0 2
248 955 1 0
248 1006 2 2
248 1135 2 0
249 471 2 0
249 711 2 0
249 1093 1 0
249 1188 0 1
250 212 0 1
250 654 2 1
250 770 2 2
250 1130 0 2
250 1256 0 2
251 367 1 2
251 689 1 1
251 1167 0 0
252 24 1 0
252 291 0 2
252 782 1 1
252 800 0 2
252 1158 2 1
252 1300 2 0
253 93 2 1
253 127 0 0
253 128 2 0
253 208 2 1
253 605 2 1
253 917 1 0
254 418 1 1
254 611 0 1
254 912 0 0
255 166 1 2
255 469 0 2
255 961 0 2
255 1190 1 1
255 1371 1 2
256 144 0 1
256 539 2 0
256 751 2 2
256 1142 1 2
257 208 2 1
257 382 1 0
257 594 1 1
257 763 0 2
257 913 0 1
258 222 2 1
258 488 0 2
258 713 0 1
258 839 1 0
258 887 0 1
258 1343 2 0
259 472 0 0
259 710 2 2
259 983 1 2
259 1122 0 0
259 1304 1 2
260 441 2 0
260 641 2 2
260 1074 0 2
260 1165 2 2
261 430 1 2
261 754 2 1
261 778 2 0
261 922 0 2
261 1343 0 0
262 294 0 2
262 344 1 0
262 617 1 0
262 646 0 0
262 878 0 1
262 1089 1 2
262 1186 2 1
263 233 2 1
263 659 1 0
263 826 0 0
263 877 1 1
263 1201 2 0
264 315 1 1
264 441 1 0
264 818 2 0
264 1096 1 2
265 198 0 1
265 496 0 2
265 936 2 2
265 1155 0 1
266 167 0 0
266 246 1 1
266 614 1 0
266 746 0 1
266 1070 0 2
267 81 0 0
267 442 0 2
267 762 2 2
267 1174 1 0
268 228 0 0
268 386 1 2
268 732 1 1
268 831 2 0
268 1242 0 1
269 483 1 2
269 582 1 1
269 668 2 0
269 753 2 2
269 940 1 0
269 1195 2 2
269 1229 2 2
270 369 2 0
270 720 1 2
270 1191 0 2
270 1281 2 1
271 311 2 0
271 411 0 1
271 525 1 1
271 910 2 2
272 201 1 1
272 271 2 0
272 458 0 0
272 532 1 1
272 677 1 0
272 854 1 2
272 1174 2 1
273 31 2 0
273 354 1 1
273 377 2 1
273 451 1 2
273 509 0 1
273 985 2 1
273 1318 0 2
274 195 1 1
274 202 2 1
274 436 1 1
274 601 0 1
274 858 1 1
274 1319 2 0
275 281 0 2
275 412 0 0
275 871 0 2
275 1092 1 1
276 454 2 2
276 621 2 2
276 746 0 1
276 885 2 1
276 1314 1 2
277 54 1 0
277 450 1 0
277 552 0 0
277 885 2 0
277 1019 2 1
277 1066 1 0
277 1129 1 2
278 285 0 2
278 700 0 0
278 723 1 0
278 1048 0 0
278 1214 0 1
279 464 1 0
279 783 2 2
279 1142 1 0
280 132 2 0
280 480 1 2
280 914 2 0
280 1146 2 2
280 1154 0 1
280 1229 0 2
280 1290 0 0
281 444 2 0
281 812 0 1
281 965 1 1
281 1236 1 2
282 440 2 1
282 736 1 1
282 1230 1 0
283 234 1 0
283 312 0 0
283 433 0 2
283 685 0 2
283 933 0 1
283 1112 0 2
284 458 1 2
284 461 2 1
284 819 1 0
284 1085 2 0
284 1239 1 2
284 1315 1 2
285 435 2 1
285 537 0 0
285 882 2 1
285 996 2 2
286 326 2 0
286 446 2 1
286 531 1 0
286 726 1 1
286 797 0 0
286 1125 2 0
287 409 2 1
287 684 1 1
287 1000 2 2
287 1233 0 0
288 64 0 0
288 453 2 1
288 710 0 1
288 880 2 0
288 1238 1 1
289 70 2 2
289 475 2 1
289 726 0 0
289 777 1 0
289 1110 2 2
289 1267 2 2
290 252 2 1
290 682 0 2
290 732 0 1
290 904 2 2
290 971 2 1
290 1069 0 1
291 190 2 2
291 239 0 0
291 521 0 2
291 635 0 1
291 806 1 1
291 1205 1 1
292 131 2 1
292 243 2 1
292 680 1 1
292 1011 2 2
292 1083 2 0
293 155 1 1
293 242 0 2
293 713 1 0
293 844 2 2
293 1336 2 2
294 186 1 0
294 473 0 1
294 827 2 0
294 965 0 2
294 1089 0 0
295 72 2 1
295 392 0 1
295 780 1 1
295 1190 1 1
296 144 0 2
296 582 1 2
296 894 0 0
296 1147 0 2
296 1283 1 2
297 346 0 2
297 538 2 0
297 724 1 2
297 1098 2 0
297 1324 2 0
298 320 0 2
298 324 1 2
298 728 2 1
298 1082 2 2
298 1245 2 0
298 1312 0 0
299 132 1 0
299 597 0 1
299 636 1 1
299 1087 1 2
299 1291 1 0
300 379 2 0
300 397 1 2
300 566 1 1
300 691 2 1
300 761 0 1
300 974 1 1
300 1200 0 1
301 493 0 0
301 976 1 2
301 993 1 2
302 95 0 0
302 474 1 2
302 660 1 0
302 785 1 2
302 1262 0 2
303 450 2 2
303 458 1 1
303 573 1 0
303 957 2 0
304 8 2 2
304 265 2 2
304 356 0 0
304 781 0 2
304 1205 2 2
304 1259 2 1
304 1367 2 2
305 252 0 0
305 405 0 1
305 478 2 0
305 965 2 2
305 1157 1 2
306 417 1 2
306 736 1 0
306 1053 2 2
306 1160 2 0
306 1197 1 1
306 1245 2 0
307 19 0 0
307 514 1 2
307 855 2 1
307 1095 2 2
308 69 2 1
308 420 2 2
308 572 1 0
308 718 2 1
308 1120 0 2
308 1163 0 1
308 1177 0 0
308 1336 2 1
309 137 0 1
309 316 2 0
309 531 2 2
309 966 2 1
309 1126 0 0
309 1146 1 0
309 1307 0 1
310 173 0 1
310 604 2 2
310 697 1 2
310 734 0 1
310 1122 2 2
310 1266 2 1
310 1320 1 0
311 111 1 1
311 418 0 2
311 843 1 0
311 1023 1 1
311 1166 0 1
311 1220 2 0
311 1322 2 2
312 245 0 0
312 515 1 0
312 624 2 0
312 910 1 2
312 1351 0 2
313 124 2 0
313 291 2 2
313 562 0 1
313 995 1 0
313 1206 1 1
314 131 2 2
314 429 0 0
314 721 1 2
314 1207 1 2
315 11 2 2
315 413 2 1
315 661 1 1
315 1007 1 0
315 1085 1 0
315 1268 2 2
315 1329 2 0
316 170 1 0
316 521 2 1
316 954 1 1
317 441 2 2
317 728 2 2
317 1061 2 2
317 1363 0 2
318 170 2 1
318 437 1 1
318 771 0 0
318 1223 1 1
319 70 0 2
319 273 0 2
319 715 0 1
319 1010 2 2
319 1218 0 2
320 376 2 2
320 585 0 2
320 942 2 2
320 1338 0 1
321 301 1 1
321 553 1 1
321 843 2 2
321 1153 1 2
322 352 2 0
322 525 2 1
322 546 1 2
322 715 2 2
322 988 2 2
322 1030 1 2
322 1321 0 2
323 84 2 2
323 352 1 2
323 718 0 2
323 1123 2 2
323 1325 1 2
324 373 0 1
324 622 2 1
324 1064 2 1
324 1330 2 0
325 493 1 1
325 594 2 1
325 813 0 2
325 1263 2 2
326 75 2 0
326 381 0 0
326 466 2 1
326 483 1 0
326 556 2 1
326 911 2 2
326 931 2 2
326 1106 0 2
326 1119 0 1
327 105 1 2
327 605 2 2
327 894 0 1
327 1234 0 1
328 482 0 0
328 755 0 0
328 1028 1 0
328 1244 1 2
329 50 2 1
329 460 2 2
329 587 1 2
329 631 2 1
329 996 1 0
330 308 1 0
330 740 1 1
330 963 0 0
330 983 0 0
330 1328 1 1
331 361 1 0
331 454 2 0
331 551 1 2
331 970 2 0
331 1363 0 1
332 308 0 2
332 357 1 1
332 379 0 2
332 564 1 1
332 716 0 1
332 930 1 2
332 1080 0 1
333 71 1 2
333 197 1 2
333 573 0 1
333 577 1 2
333 611 0 2
333 671 0 0
333 688 0 0
333 702 1 2
333 796 2 0
333 1157 0 2
333 1199 0 2
334 144 2 2
334 520 0 2
334 951 0 2
334 1081 2 1
335 119 1 2
335 171 0 2
335 199 2 1
335 611 1 0
335 657 1 1
335 948 2 1
336 14 2 1
336 170 2 0
336 435 2 1
336 770 2 1
336 789 1 0
336 847 2 2
336 1331 1 0
337 417 2 1
337 453 0 0
337 731 2 1
337 994 0 1
337 1084 0 1
338 82 0 0
338 237 0 0
338 374 1 2
338 523 1 0
338 774 2 1
338 838 1 1
338 1332 0 1
339 188 1 2
339 457 0 0
339 777 2 0
339 949 1 2
340 36 2 0
340 520 0 2
340 851 0 0
340 1115 2 2
341 291 0 0
341 726 1 0
341 1222 1 1
342 210 1 0
342 431 1 1
342 762 0 0
342 1216 2 0
343 272 2 1
343 478 0 1
343 479 2 1
343 670 0 1
343 869 0 2
343 1040 0 1
343 1283 0 2
344 362 2 1
344 521 1 0
344 524 2 1
344 622 0 1
344 1049 0 1
344 1142 0 1
344 1219 0 1
344 1355 2 2
345 155 1 0
345 222 1 2
345 323 2 1
345 609 2 2
345 907 0 0
345 1061 1 1
345 1158 1 2
346 456 2 1
346 680 2 2
346 951 1 1
346 1368 0 2
347 465 0 1
347 916 0 2
347 1085 0 2
348 362 0 1
348 598 1 0
348 973 1 0
348 1295 2 0
349 164 0 2
349 478 1 2
349 642 1 2
349 1093 2 2
350 280 1 1
350 580 0 0
350 1008 2 0
350 1016 0 1
350 1211 1 2
351 249 2 2
351 476 1 1
351 652 0 1
351 855 0 2
351 897 2 1
351 1120 2 0
352 462 2 2
352 875 0 0
352 1263 1 1
353 138 2 2
353 197 1 2
353 405 1 0
353 684 1 0
353 729 0 2
353 991 0 2
353 1260 2 0
354 56 0 1
354 344 0 1
354 745 0 0
354 1229 1 1
354 1239 2 2
355 128 1 1
355 429 1 2
355 866 2 0
355 1337 0 0
356 487 2 0
356 641 0 1
356 1031 2 2
356 1325 2 2
357 290 0 0
357 554 2 2
357 840 0 1
357 1273 1 1
358 21 1 2
358 509 0 1
358 770 2 1
358 1139 2 2
359 469 1 2
359 811 0 2
359 1150 0 1
360 93 0 0
360 429 1 2
360 650 0 1
360 1126 1 0
361 447 2 0
361 592 1 2
361 674 2 1
361 1016 1 1
362 285 2 2
362 562 2 2
362 801 2 0
362 986 2 0
362 1324 2 0
363 280 2 1
363 501 0 0
363 562 1 2
363 648 2 1
363 1099 0 1
364 137 0 1
364 452 2 0
364 906 1 2
364 968 2 1
364 1150 0 2
365 290 0 1
365 488 1 0
365 564 0 2
365 948 0 2
365 1074 1 1
365 1296 0 0
366 263 2 2
366 558 0 0
366 840 0 0
366 1089 0 1
367 447 0 2
367 729 0 1
367 1000 1 0
367 1320 1 0
368 214 1 1
368 339 2 2
368 512 2 2
368 797 0 0
368 1155 0 0
369 4 0 1
369 397 1 2
369 538 1 2
369 647 0 1
369 996 0 1
369 1079 0 1
369 1282 0 0
370 219 1 2
370 235 0 1
370 250 2 1
370 317 0 2
370 340 0 0
370 586 2 0
370 1079 2 2
370 1330 1 1
371 85 0 1
371 158 2 1
371 466 2 2
371 711 0 1
371 860 1 2
371 956 0 2
372 323 1 1
372 448 2 1
372 650 0 1
372 772 2 2
372 1073 1 2
372 1262 1 2
373 434 1 1
373 471 2 0
373 887 2 2
373 1300 1 2
374 275 2 0
374 820 2 0
374 942 1 1
374 1156 0 0
375 370 0 1
375 495 0 2
375 776 0 1
375 1217 1 2
375 1320 2 0
376 79 0 1
376 528 1 2
376 794 0 0
376 1240 0 1
377 347 1 2
377 496 2 2
377 903 2 0
377 1099 2 1
377 1188 0 2
378 269 2 2
378 681 1 1
378 817 2 2
378 1182 2 2
378 1210 1 0
378 1301 0 0
379 101 1 0
379 344 0 2
379 740 1 2
379 823 0 0
379 974 2 1
379 1035 2 0
379 1089 2 1
379 1223 2 2
380 210 1 1
380 634 2 2
380 1075 1 2
380 1328 2 2
381 233 1 2
381 642 0 2
381 728 0 0
381 840 0 2
381 917 0 0
381 1353 0 2
382 434 0 0
382 841 0 2
382 1214 0 2
382 1306 0 1
382 1347 0 1
383 249 0 1
383 635 0 1
383 737 0 1
383 1085 0 0
383 1369 0 0
384 467 1 1
384 915 1 0
384 1342 2 0
385 53 2 1
385 116 2 2
385 319 0 1
385 728 0 2
385 887 0 0
385 987 2 1
385 990 2 0
385 1201 2 2
386 307 1 1
386 464 2 2
386 709 1 1
386 897 0 2
386 1229 2 1
387 241 2 1
387 336 0 0
387 813 1 2
387 917 2 2
388 169 1 0
388 613 1 0
388 849 1 0
388 1072 1 1
389 86 1 2
389 243 2 1
389 479 1 0
389 929 0 0
389 967 1 1
390 41 0 2
390 224 1 1
390 255 2 1
390 479 2 2
390 599 0 2
390 1025 1 2
390 1054 1 1
390 1259 0 1
391 117 1 2
391 401 2 1
391 757 1 2
391 988 0 1
392 8 0 0
392 157 2 1
392 573 1 0
392 689 1 0
392 988 1 1
392 1149 0 0
392 1307 1 2
393 486 0 0
393 636 0 1
393 717 2 1
393 944 1 2
393 1130 1 1
393 1183 2 0
394 479 1 1
394 858 0 2
394 1297 0 1
395 130 1 1
395 412 2 1
395 883 2 0
395 947 0 0
395 1068 0 2
395 1327 1 0
396 299 0 0
396 501 0 0
396 562 0 1
396 694 0 2
396 1019 1 1
396 1076 2 0
396 1086 1 1
396 1238 2 1
396 1338 2 1
397 120 1 2
397 161 0 1
397 298 1 2
397 391 1 2
397 715 0 0
397 976 2 0
397 1019 0 0
398 55 0 2
398 78 0 2
398 383 2 2
398 388 2 0
398 842 1 2
398 860 1 1
398 1025 0 1
399 498 1 0
399 894 0 0
399 1163 2 2
400 81 1 0
400 555 1 2
400 948 0 0
400 949 1 2
400 1207 2 1
401 2 0 1
401 329 1 2
401 701 2 2
401 1046 0 1
401 1331 1 2
402 452 1 1
402 880 0 1
402 1234 0 2
403 394 0 2
403 853 0 1
403 1338 0 2
404 24 0 1
404 113 0 2
404 168 0 2
404 640 1 1
404 999 1 0
404 1126 1 0
405 58 2 2
405 418 0 1
405 573 1 1
405 875 0 0
405 1197 0 2
406 447 1 0
406 455 2 1
406 511 0 0
406 887 2 2
406 1193 2 1
407 175 0 0
407 509 1 2
407 728 2 0
407 903 2 2
407 1103 2 0
407 1294 2 1
408 120 1 2
408 601 2 0
408 694 1 2
408 727 1 0
408 974 2 2
408 1110 0 1
409 27 2 1
409 169 2 1
409 470 0 2
409 810 2 0
409 876 1 1
409 1177 1 1
410 268 0 0
410 664 0 2
410 699 1 1
410 798 2 0
410 1264 2 2
411 105 0 1
411 556 1 2
411 868 0 2
411 1163 0 1
412 179 0 0
412 306 0 0
412 801 1 2
412 1245 1 0
413 70 2 2
413 151 0 1
413 197 0 2
413 524 2 1
413 647 2 0
413 758 0 0
413 934 2 1
413 1331 0 0
414 230 2 0
414 233 0 1
414 576 0 2
414 740 2 2
414 993 0 0
414 1146 1 1
414 1269 0 2
415 152 2 2
415 405 2 1
415 892 2 0
415 1008 2 0
416 64 0 1
416 444 0 0
416 760 0 1
416 948 0 1
416 1297 1 2
416 1335 1 0
417 455 0 2
417 835 1 2
417 1107 1 0
417 1360 2 2
418 62 1 0
418 344 0 2
418 348 2 1
418 516 0 1
418 685 2 0
418 1175 1 2
419 136 0 1
419 266 2 2
419 514 2 1
419 656 2 0
419 782 1 0
419 1073 0 2
419 1164 1 2
419 1258 0 0
420 219 0 2
420 507 2 0
420 633 2 2
420 669 2 0
420 1028 2 0
420 1329 1 0
421 200 0 0
421 678 2 2
421 683 2 0
421 1179 1 2
422 157 2 1
422 608 0 2
422 1080 1 0
422 1306 0 0
423 304 2 1
423 396 0 2
423 613 1 0
423 796 0 0
423 1027 2 1
424 410 2 1
424 435 0 1
424 726 2 2
424 1028 2 0
424 1150 1 2
425 339 2 0
425 781 0 0
425 1142 0 2
426 377 1 1
426 697 1 0
426 970 0 2
427 239 1 0
427 695 0 2
427 1104 1 0
428 415 1 2
428 577 0 1
428 1044 0 2
428 1107 1 1
428 1149 0 1
429 54 0 2
429 371 1 1
429 443 1 2
429 636 2 1
429 667 0 0
429 758 0 0
429 874 2 0
429 886 2 1
429 1242 1 1
430 470 2 2
430 707 1 1
430 1141 2 2
430 1273 0 0
430 1368 0 0
431 131 0 1
431 306 2 1
431 564 1 0
431 1035 0 2
432 345 2 2
432 379 2 1
432 614 2 1
432 959 1 1
433 179 1 2
433 401 1 2
433 453 2 1
433 930 0 1
433 1137 2 0
434 481 2 2
434 734 1 2
434 940 0 1
434 1215 1 2
435 204 2 1
435 306 2 1
435 443 0 0
435 634 1 1
435 896 1 2
435 1340 2 2
436 352 2 0
436 634 2 0
436 831 2 0
436 849 1 2
436 1117 0 2
436 1370 2 2
437 405 0 1
437 445 2 0
437 943 2 1
437 1019 2 2
438 35 2 0
438 52 1 0
438 288 1 1
438 578 0 1
438 853 2 2
438 1117 1 2
439 344 2 0
439 735 2 1
439 1090 0 1
439 1334 1 0
440 235 0 0
440 601 2 2
440 772 2 1
440 1199 0 2
441 341 1 1
441 420 0 2
441 735 2 2
441 866 2 1
441 1006 1 1
441 1154 2 2
442 214 1 1
442 694 1 2
442 924 2 2
442 1208 2 2
443 173 2 1
443 191 2 0
443 325 1 1
443 506 1 0
443 660 0 1
443 995 1 2
443 1357 1 0
444 356 2 0
444 465 1 2
444 598 0 1
444 1085 1 0
445 19 2 1
445 63 2 2
445 124 2 2
445 439 2 1
445 812 0 2
445 871 1 1
445 925 0 0
445 1066 0 1
445 1275 2 2
445 1277 2 0
446 384 2 1
446 746 0 0
446 1146 0 1
447 183 0 1
447 430 1 2
447 850 0 0
447 1192 0 0
447 1241 2 1
448 141 1 0
448 593 0 2
448 887 1 1
448 1037 1 0
448 1182 0 0
449 88 2 2
449 409 0 0
449 753 1 1
449 899 1 1
449 1026 1 2
450 84 2 2
450 525 0 0
450 1001 2 0
450 1096 2 2
450 1237 2 1
450 1253 2 2
451 434 1 2
451 457 0 2
451 814 0 0
451 1012 0 0
452 18 0 2
452 177 2 1
452 365 1 1
452 614 2 0
452 987 1 1
452 1058 2 1
452 1064 2 2
452 1215 2 1
452 1319 0 0
453 344 1 1
453 476 2 2
453 781 0 1
453 984 1 0
454 284 1 0
454 429 2 0
454 818 2 2
454 1104 2 0
454 1242 0 0
455 221 0 2
455 269 1 0
455 380 2 0
455 616 0 2
455 1059 1 1
456 125 1 0
456 535 1 2
456 786 1 2
456 1036 1 1
456 1296 1 0
457 258 1 0
457 519 0 0
457 687 0 0
457 933 2 1
457 1049 1 2
458 223 1 1
458 400 2 1
458 743 2 2
458 1138 0 0
459 122 2 2
459 488 0 2
459 861 0 1
459 1242 2 1
460 408 0 1
460 600 2 2
460 1087 1 0
461 13 1 1
461 371 2 0
461 795 2 0
461 1164 0 2
462 89 0 0
462 191 0 0
462 398 1 0
462 720 2 0
462 890 1 2
462 1093 2 0
463 81 1 0
463 470 0 0
463 968 0 2
463 1047 2 2
463 1235 1 0
464 107 1 0
464 607 1 2
464 869 1 0
464 1306 2 2
465 279 0 0
465 286 0 2
465 552 1 2
465 912 2 2
465 1228 0 0
466 256 1 0
466 571 0 1
466 665 0 0
466 1160 1 2
466 1189 0 2
467 318 0 2
467 697 2 0
467 906 1 2
467 991 2 0
467 1183 0 2
468 239 0 1
468 382 1 1
468 802 0 2
468 807 1 1
468 973 2 1
468 986 1 2
468 1042 2 0
469 355 0 1
469 557 1 1
469 784 1 2
469 848 1 1
469 866 1 2
469 1105 0 2
469 1347 2 1
470 493 0 0
470 759 1 2
470 1146 2 1
471 311 2 0
471 338 2 2
471 736 0 0
471 776 0 0
471 885 0 0
471 1051 0 1
471 1062 2 1
471 1084 0 1
472 33 0 1
472 187 1 0
472 325 1 0
472 488 1 1
472 850 0 1
472 1245 0 2
473 158 2 0
473 954 1 0
473 1352 0 0
474 352 1 2
474 472 2 2
474 607 1 0
474 926 0 0
474 1088 0 2
475 424 1 0
475 439 0 0
475 676 1 2
475 1089 1 0
476 157 2 1
476 543 2 0
476 604 2 2
476 724 0 1
476 1170 0 2
476 1347 0 0
477 424 1 1
477 487 2 0
477 655 0 0
477 1096 0 0
478 194 0 0
478 691 2 1
478 932 2 1
478 1090 2 2
478 1198 1 1
478 1269 2 0
479 296 0 2
479 745 1 1
479 1087 2 1
479 1269 0 0
480 446 0 1
480 757 1 1
480 1146 1 0
481 179 0 0
481 497 2 1
481 951 1 0
481 1339 2 1
482 42 0 2
482 151 0 1
482 283 0 2
482 748 0 2
482 1114 1 2
483 231 0 0
483 308 2 0
483 543 0 0
483 677 1 0
483 801 0 2
483 1250 1 1
483 1321 0 2
483 1349 0 0
484 59 1 0
484 147 2 1
484 571 0 0
484 982 2 2
484 1347 1 0
485 42 2 2
485 46 0 1
485 290 1 1
485 379 0 2
485 733 0 1
485 1222 1 2
486 327 0 1
486 670 1 0
486 959 0 2
486 967 1 2
486 1256 2 0
487 21 2 2
487 385 1 2
487 664 0 1
487 853 0 2
487 980 1 2
487 1335 0 2
488 86 0 1
488 530 1 1
488 908 2 0
488 1285 1 1
488 1335 1 1
489 330 1 0
489 622 0 2
489 789 0 2
489 808 1 2
489 993 0 2
489 1199 0 2
490 65 1 1
490 447 2 0
490 708 2 0
490 1005 0 0
490 1284 2 0
490 1350 1 1
491 446 2 0
491 794 1 0
491 822 1 1
491 1048 1 2
491 1302 2 0
492 141 2 2
492 333 2 1
492 359 0 0
492 730 0 2
492 956 1 0
492 981 2 1
492 1226 2 1
493 228 2 0
493 627 1 0
493 1108 2 1
493 1226 2 1
494 227 2 1
494 657 1 1
494 863 0 1
494 1331 1 0
495 102 2 1
495 376 2 1
495 742 2 2
495 1163 1 0
496 139 2 2
496 401 0 2
496 506 2 2
496 700 0 2
496 973 1 2
496 1100 2 2
496 1161 0 0
496 1321 2 1
497 112 1 2
497 293 2 2
497 402 2 1
497 527 1 2
497 649 2 1
497 952 0 2
497 1225 1 0
498 229 2 0
498 688 0 2
498 758 2 0
498 1080 0 1
498 1370 2 1
499 119 0 0
499 160 0 2
499 588 2 2
499 1086 2 2
499 1341 1 0
500 192 0 0
500 618 1 2
500 641 0 1
500 1065 1 0
500 1264 1 0
501 421 1 0
501 485 1 2
501 685 0 1
501 1049 0 2
502 192 2 0
502 566 1 0
502 740 1 1
502 786 0 0
502 1084 1 2
503 108 0 2
503 506 2 0
503 916 0 1
503 1172 0 1
504 496 0 2
504 800 0 2
504 893 2 0
504 1128 0 1
505 297 2 1
505 300 0 0
505 648 0 1
505 808 2 0
505 1243 1 0
506 21 0 0
506 168 0 1
506 486 0 2
506 516 0 0
506 693 1 1
506 1105 0 0
507 343 2 1
507 569 1 2
507 895 0 0
507 1246 1 2
508 181 1 0
508 590 2 2
508 967 1 1
508 984 2 0
509 276 0 2
509 329 0 2
509 342 2 1
509 828 1 0
509 1135 0 0
510 358 2 0
510 746 0 0
510 1061 0 1
511 261 0 2
511 348 1 0
511 423 1 1
511 556 0 2
511 755 0 0
511 877 2 2
511 1358 2 1
512 477 2 2
512 863 1 0
512 1219 2 1
513 23 0 0
513 197 1 0
513 636 1 2
513 923 2 1
513 1354 1 1
514 173 2 2
514 569 1 2
514 659 1 0
514 1135 1 2
515 389 0 2
515 564 0 2
515 697 1 1
515 947 0 0
515 1153 2 2
515 1357 0 2
516 23 1 1
516 295 2 2
516 449 2 2
516 935 0 0
516 1222 0 1
516 1244 1 2
517 252 2 1
517 295 0 0
517 614 2 0
517 888 0 1
517 1276 0 0
517 1324 2 2
518 284 1 0
518 603 1 1
518 944 0 1
518 1321 0 1
519 470 0 0
519 514 0 0
519 556 1 1
519 682 1 0
519 832 1 2
519 917 2 1
519 1208 1 1
520 16 1 0
520 459 2 0
520 534 1 1
520 598 1 1
520 683 0 1
520 1108 1 1
520 1369 0 0
521 393 0 2
521 655 1 0
521 1131 1 0
522 204 1 0
522 683 1 1
522 931 2 2
522 1351 1 0
523 462 0 0
523 577 1 0
523 749 1 1
523 850 2 0
523 905 0 2
523 994 2 2
524 8 0 1
524 79 1 2
524 543 0 1
524 669 2 2
524 767 0 1
524 998 1 2
524 1077 1 1
524 1161 1 2
525 8 1 1
525 264 0 1
525 526 1 1
525 667 0 1
525 879 2 0
525 1060 0 2
525 1333 0 2
526 278 2 0
526 357 2 1
526 677 0 1
526 1010 2 0
526 1099 0 1
527 210 1 1
527 261 1 2
527 651 2 0
527 737 2 1
527 798 1 2
527 1168 0 1
527 1216 1 1
528 245 2 0
528 543 0 2
528 870 1 2
528 1090 2 2
529 328 2 0
529 367 1 2
529 371 2 2
529 512 1 0
529 835 2 0
529 1299 0 2
530 151 1 2
530 244 2 0
530 246 2 0
530 363 2 2
530 837 2 2
530 1044 1 0
530 1129 0 2
531 197 0 1
531 286 1 0
531 632 2 0
531 879 0 2
531 1223 1 0
532 128 2 0
532 529 1 1
532 679 0 2
532 735 1 1
532 1132 1 2
533 370 0 0
533 550 1 0
533 1006 1 1
533 1115 0 1
533 1165 2 1
533 1176 0 2
534 223 2 1
534 345 0 1
534 350 0 2
534 405 2 0
534 670 2 0
534 854 2 0
534 1190 0 2
535 97 2 0
535 573 1 1
535 956 0 1
535 985 0 2
536 215 0 1
536 541 0 2
536 979 2 2
537 103 0 0
537 188 2 1
537 347 0 0
537 815 1 1
537 1157 2 0
538 111 2 1
538 184 0 0
538 194 2 2
538 273 1 2
538 512 0 0
538 981 2 2
538 1159 1 1
539 309 1 1
539 705 1 1
539 720 2 0
539 1179 0 1
540 14 1 0
540 259 0 1
540 283 1 0
540 561 1 0
540 642 0 2
540 886 2 0
540 904 0 1
541 15 2 0
541 483 2 2
541 976 1 2
541 1061 2 0
541 1276 2 1
542 13 1 2
542 279 2 0
542 547 2 2
542 697 0 2
542 857 0 0
542 1167 2 2
543 241 2 0
543 636 1 1
543 845 2 0
543 1223 1 0
544 318 0 2
544 682 1 1
544 809 1 1
544 925 1 0
544 1281 0 2
545 62 1 2
545 319 1 1
545 343 2 2
545 550 1 2
545 1038 2 0
545 1352 1 2
546 128 1 0
546 602 1 2
546 825 0 2
546 1258 2 0
546 1361 2 2
547 353 1 0
547 627 2 2
547 675 0 1
547 708 2 0
547 799 1 1
547 1200 2 0
547 1354 2 2
548 387 1 0
548 863 1 1
548 1048 2 0
548 1340 2 0
549 395 0 0
549 510 1 2
549 605 1 2
549 628 1 2
549 1087 0 0
550 136 0 0
550 478 1 2
550 855 2 1
550 1047 1 2
550 1170 1 2
551 289 1 1
551 509 0 0
551 772 2 0
551 878 1 1
551 1243 0 0
552 30 0 0
552 160 1 0
552 203 0 1
552 259 1 1
552 339 2 2
552 759 0 2
552 833 0 0
552 1137 1 2
552 1327 2 1
553 30 0 0
553 277 1 2
553 353 1 1
553 603 1 2
553 1099 2 0
553 1225 0 0
554 103 0 0
554 301 1 2
554 759 2 2
554 884 0 0
554 1017 2 2
554 1246 2 0
555 460 0 2
555 675 2 1
555 928 2 0
555 932 1 1
556 395 2 1
556 484 0 2
556 644 1 1
556 784 1 1
556 1018 1 1
557 362 1 2
557 412 1 2
557 775 1 2
557 1133 0 2
558 334 0 1
558 776 0 1
558 1062 1 2
558 1297 0 0
559 342 2 0
559 370 2 1
559 714 1 1
559 919 2 2
559 1221 2 1
560 228 1 0
560 332 1 2
560 365 1 2
560 524 1 0
560 567 2 2
560 704 0 0
560 1073 1 0
560 1249 2 0
560 1256 1 0
561 276 0 0
561 747 0 1
561 1126 0 2
561 1296 0 2
562 27 1 0
562 34 0 2
562 78 1 1
562 313 1 1
562 441 0 0
562 807 2 1
562 834 1 1
562 984 1 1
562 1163 2 1
563 291 1 0
563 385 1 1
563 777 2 0
563 889 1 2
563 1229 1 0
564 136 1 1
564 245 0 0
564 511 0 1
564 600 0 0
564 928 2 0
564 1074 1 1
565 186 0 2
565 559 1 2
565 663 2 2
565 736 2 1
565 1017 2 1
565 1338 0 0
566 185 2 2
566 228 0 0
566 515 0 2
566 854 1 0
566 972 1 0
566 1040 1 1
566 1124 1 0
566 1148 0 1
567 101 1 1
567 150 1 0
567 639 2 0
567 776 1 1
567 1145 1 2
568 27 2 0
568 149 0 2
568 579 1 0
568 595 2 2
568 757 1 1
568 947 1 0
568 1299 2 0
569 85 1 1
569 351 1 2
569 552 2 2
569 923 1 0
569 1348 1 1
570 154 2 2
570 434 0 2
570 682 1 2
570 934 2 0
570 1194 0 2
571 426 1 0
571 679 0 0
571 1149 2 2
572 245 0 0
572 540 1 2
572 804 2 2
572 1271 1 1
572 1288 0 1
573 353 1 2
573 806 1 2
573 1189 2 0
574 303 1 0
574 390 2 0
574 870 0 2
574 1142 0 2
575 463 0 0
575 651 1 2
575 707 0 1
575 879 2 0
575 1280 2 0
576 86 1 0
576 337 2 0
576 765 1 2
576 1064 0 1
576 1079 2 1
577 77 2 0
577 90 2 1
577 568 0 1
577 679 0 1
577 995 0 1
577 1357 2 1
578 362 2 2
578 761 1 0
578 926 1 2
578 1294 1 0
579 86 0 2
579 346 2 0
579 406 2 1
579 819 0 2
579 954 1 0
579 1046 0 0
580 56 1 2
580 512 2 2
580 1007 1 1
580 1049 0 1
581 193 2 2
581 420 0 0
581 637 0 1
581 969 2 2
581 1091 2 0
581 1193 0 2
582 17 0 0
582 380 0 0
582 656 0 2
582 1039 2 1
582 1210 0 0
583 431 2 2
583 810 2 2
583 871 1 2
583 1216 1 1
584 108 0 0
584 597 2 0
584 1034 1 0
584 1047 0 0
584 1168 1 1
584 1208 2 2
584 1331 1 0
585 397 1 0
585 668 1 2
585 1039 1 1
585 1160 0 2
586 368 0 2
586 632 0 1
586 894 1 2
586 935 2 1
586 1066 2 2
587 389 0 1
587 420 2 2
587 695 0 1
587 1016 2 1
587 1352 1 0
588 470 0 2
588 751 1 2
588 833 1 0
588 875 1 0
588 1135 0 1
588 1302 0 1
589 220 2 0
589 381 2 1
589 852 2 1
589 1229 2 0
590 466 1 2
590 882 1 1
590 1076 0 2
591 239 0 1
591 673 2 2
591 696 0 2
591 718 0 2
591 743 2 1
591 1144 1 2
591 1225 2 2
591 1262 0 1
592 498 0 2
592 676 0 1
592 967 2 1
592 1225 0 0
593 112 1 1
593 332 0 2
593 382 0 2
593 797 2 2
593 843 2 0
593 1304 1 2
594 229 1 0
594 479 1 0
594 609 1 1
594 1080 2 0
595 341 2 2
595 575 2 0
595 1055 1 0
595 1319 2 2
596 165 2 1
596 247 0 2
596 566 1 0
596 591 2 2
596 1041 0 1
596 1371 0 2
597 236 1 2
597 568 0 2
597 953 0 0
597 1246 0 0
598 45 1 2
598 235 1 0
598 317 0 2
598 508 1 1
598 881 0 2
598 1021 1 1
599 487 1 2
599 717 0 2
599 1028 1 2
599 1118 2 1
599 1249 0 1
600 425 2 2
600 736 2 1
600 890 2 2
600 1043 1 0
600 1090 2 1
600 1231 1 2
600 1345 0 1
601 383 1 1
601 442 2 2
601 668 1 0
601 759 2 2
601 1057 1 0
602 360 0 1
602 419 1 1
602 913 0 2
602 1082 2 0
602 1172 1 0
603 456 0 0
603 491 1 2
603 572 2 1
603 914 0 1
604 480 1 1
604 729 2 1
604 800 1 0
604 1047 0 0
604 1087 0 2
604 1253 1 0
604 1313 1 2
605 103 0 1
605 288 0 0
605 535 1 1
605 781 0 1
605 916 1 2
605 988 1 0
605 1167 2 1
605 1246 1 2
606 36 0 1
606 57 2 1
606 344 0 2
606 553 2 1
606 793 2 1
606 887 2 1
606 895 0 0
606 1327 0 0
607 444 0 1
607 723 0 1
607 1091 2 2
607 1296 0 2
608 123 1 0
608 462 0 0
608 717 0 0
608 893 2 2
608 1215 1 0
608 1297 1 2
609 56 2 0
609 376 0 2
609 612 2 0
609 881 0 0
609 1022 2 2
609 1160 1 1
609 1324 0 2
610 327 0 1
610 468 0 2
610 470 0 0
610 847 0 2
610 1150 0 2
611 31 2 0
611 135 0 1
611 537 1 0
611 982 1 1
611 1068 2 0
612 491 0 0
612 648 1 0
612 1045 0 0
612 1197 2 2
613 95 0 0
613 576 1 1
613 642 2 0
613 770 2 0
613 902 0 2
613 1211 1 0
614 444 1 1
614 747 1 2
614 854 2 2
614 1031 0 2
615 326 2 1
615 647 0 0
615 771 2 2
615 1197 2 0
616 452 2 0
616 933 2 2
616 1146 1 1
617 374 1 1
617 681 1 0
617 842 0 2
617 963 0 0
618 478 2 0
618 661 0 0
618 1141 1 2
619 476 2 0
619 692 0 1
619 1106 0 0
620 491 1 0
620 505 1 2
620 608 2 2
620 1024 1 0
620 1175 2 0
621 243 2 0
621 636 2 0
621 1055 2 0
621 1352 0 1
622 378 1 0
622 491 1 2
622 645 2 2
622 686 2 0
622 1121 1 0
623 88 1 0
623 549 0 0
623 873 0 0
623 1147 2 0
623 1270 1 0
624 163 1 2
624 166 2 1
624 389 0 1
624 847 0 0
624 893 0 0
624 1143 2 1
624 1243 1 2
625 154 0 0
625 195 0 2
625 275 1 1
625 698 2 1
625 1123 2 2
625 1369 2 1
626 497 2 1
626 517 0 2
626 781 0 1
626 1139 2 0
627 272 1 2
627 505 0 2
627 534 1 0
627 574 0 2
627 597 2 0
627 751 1 1
627 849 0 1
627 1120 2 0
627 1195 1 1
627 1214 1 2
628 489 2 0
628 878 2 1
628 946 0 0
628 1193 0 0
629 339 1 0
629 785 1 0
629 1141 1 1
630 348 0 1
630 550 0 1
630 609 2 1
630 931 2 2
630 1045 0 0
631 429 2 1
631 567 0 1
631 580 0 0
631 945 2 0
631 1358 1 0
632 233 2 2
632 322 1 0
632 460 2 1
632 917 1 1
632 1165 1 1
633 43 1 2
633 326 0 0
633 749 0 0
633 1166 0 2
633 1211 2 1
634 345 0 0
634 765 1 2
634 1218 2 0
635 245 0 0
635 558 0 0
635 601 1 1
635 922 2 2
635 1369 2 0
636 87 1 0
636 468 0 0
636 905 0 0
636 1219 0 0
637 172 2 1
637 425 1 0
637 668 2 1
637 1089 1 1
637 1225 2 2
637 1294 1 0
638 373 1 1
638 760 0 1
638 1085 2 0
638 1224 1 1
639 427 1 0
639 829 2 0
639 934 0 1
639 1237 1 1
640 459 1 2
640 780 2 1
640 853 0 1
640 1180 1 2
641 220 1 0
641 382 0 0
641 574 1 0
641 708 2 2
641 780 2 1
641 1084 0 0
641 1153 2 2
642 160 0 2
642 451 1 2
642 936 0 0
642 1167 1 2
643 104 1 0
643 359 0 2
643 629 2 2
643 1076 2 1
643 1202 0 2
644 477 2 1
644 852 2 2
644 958 1 2
644 1280 0 1
645 75 1 2
645 510 1 1
645 613 2 1
645 695 2 0
645 717 2 2
645 1154 0 0
646 426 1 0
646 475 2 2
646 938 2 2
646 1131 2 1
647 116 1 2
647 494 1 2
647 731 1 0
647 865 1 2
647 1291 0 2
648 481 2 0
648 769 1 1
648 916 1 1
648 1242 0 2
649 3 1 2
649 25 0 0
649 129 1 1
649 417 0 2
649 830 1 0
649 1205 0 0
650 449 2 2
650 729 0 1
650 1206 1 1
651 115 2 0
651 605 1 2
651 845 1 2
651 1020 2 1
651 1073 0 0
651 1081 0 1
651 1200 2 1
651 1253 2 1
652 174 0 1
652 393 1 0
652 891 1 1
652 1197 0 1
653 208 2 1
653 622 0 2
653 846 0 0
653 957 1 1
653 998 0 1
653 1260 2 2
654 47 1 1
654 167 0 2
654 533 2 2
654 764 2 0
654 901 2 2
654 903 0 2
654 1076 1 0
654 1283 1 0
655 138 0 0
655 627 2 0
655 970 0 2
656 273 0 2
656 517 0 2
656 835 0 2
656 1327 1 1
657 152 2 2
657 619 0 2
657 940 1 1
657 1072 2 0
658 13 0 1
658 482 1 0
658 855 2 2
658 1199 1 2
659 144 0 1
659 285 2 2
659 748 0 0
659 1170 1 2
659 1329 0 1
659 1364 1 0
660 335 1 2
660 691 1 0
660 752 0 0
660 1210 2 2
660 1278 2 2
661 36 2 1
661 281 2 0
661 425 1 1
661 878 1 1
661 1135 0 0
661 1347 2 2
662 92 1 1
662 429 0 2
662 614 0 2
662 628 1 1
662 976 1 1
662 1347 0 0
663 119 2 2
663 406 1 1
663 579 1 1
663 692 2 1
663 704 2 0
663 1161 2 2
663 1358 2 0
664 463 0 0
664 696 2 2
664 993 1 1
665 211 2 1
665 512 0 0
665 776 0 0
665 976 0 0
666 123 2 0
666 130 2 2
666 556 0 1
666 990 1 1
666 1048 0 1
666 1194 1 2
667 450 2 0
667 508 2 0
667 704 2 1
667 1200 2 0
668 338 2 0
668 616 0 1
668 859 2 0
668 1075 2 2
668 1246 2 1
669 37 2 1
669 363 0 2
669 478 2 1
669 579 0 1
669 969 0 2
669 1134 1 1
669 1356 1 0
670 21 1 1
670 149 0 1
670 372 1 1
670 510 2 1
670 934 0 2
670 938 2 2
670 1298 1 0
671 481 1 1
671 925 1 1
671 1290 0 0
671 1358 2 0
672 447 2 0
672 861 0 0
672 1186 2 0
672 1371 1 0
673 9 1 2
673 300 1 0
673 682 0 0
673 1126 0 1
674 84 2 2
674 384 0 2
674 532 0 2
674 1022 2 0
674 1049 0 1
675 420 1 2
675 582 2 2
675 994 0 1
675 1063 1 1
675 1228 2 1
676 301 0 2
676 749 2 1
676 800 1 1
676 832 1 0
676 1192 1 0
676 1273 0 0
677 190 0 2
677 660 1 0
677 1125 0 2
678 209 2 2
678 451 2 1
678 905 0 1
678 986 1 2
678 1297 2 2
678 1345 0 1
679 387 0 1
679 701 0 2
679 1042 1 1
679 1360 0 2
680 19 2 0
680 202 1 2
680 475 2 1
680 864 0 0
680 1228 2 1
681 392 2 1
681 429 2 2
681 431 2 0
681 823 0 1
681 1168 0 2
681 1295 0 2
682 195 0 1
682 621 0 1
682 844 1 1
682 894 1 2
682 928 0 2
683 304 1 2
683 390 2 1
683 469 0 0
683 563 1 1
683 860 2 2
683 1037 1 0
684 310 1 1
684 490 0 0
684 520 2 1
684 984 2 1
684 1049 1 2
684 1184 1 0
684 1245 1 2
685 296 0 0
685 423 2 1
685 888 0 1
685 1260 0 0
686 144 2 2
686 555 0 0
686 736 0 2
686 805 0 1
686 879 1 0
686 1334 1 0
687 164 0 0
687 367 2 2
687 794 0 1
687 1087 2 2
688 406 1 2
688 777 0 0
688 950 0 1
688 1018 0 1
689 276 2 0
689 467 1 2
689 528 2 1
689 572 0 2
689 717 0 0
689 859 2 2
689 966 2 0
689 1087 2 1
689 1170 1 1
690 59 2 2
690 363 2 2
690 561 1 1
690 794 0 0
690 1240 2 1
691 25 2 0
691 112 2 1
691 387 2 1
691 812 1 1
691 865 2 2
691 1013 2 0
691 1191 0 0
692 123 1 2
692 575 0 1
692 728 0 0
692 1021 1 2
692 1224 0 0
693 246 2 2
693 699 0 1
693 861 2 0
693 1024 0 2
694 3 0 0
694 452 2 2
694 494 2 2
694 871 1 0
694 954 0 2
694 1164 0 0
694 1166 0 1
695 370 0 0
695 404 1 1
695 825 0 1
695 1197 1 2
695 1257 0 0
696 283 2 1
696 557 1 2
696 971 0 1
696 1138 2 0
697 50 1 1
697 418 2 1
697 831 2 0
697 933 1 2
697 1037 2 2
697 1231 1 2
698 22 2 2
698 261 2 2
698 712 0 2
698 1179 1 2
699 374 1 2
699 740 2 1
699 930 0 1
699 1053 1 1
700 44 0 2
700 322 1 0
700 607 2 2
700 721 2 1
700 758 0 2
700 851 1 2
700 1011 0 2
700 1091 0 1
701 22 1 2
701 414 1 0
701 688 2 1
701 1134 1 2
701 1183 0 2
702 349 1 0
702 790 2 0
702 792 1 0
702 932 2 0
703 300 2 0
703 321 2 1
703 788 1 0
703 963 1 0
703 1011 1 1
704 109 1 2
704 254 2 1
704 352 0 2
704 782 0 0
704 1227 2 1
705 49 1 2
705 176 1 0
705 570 2 2
705 700 0 0
705 826 2 2
705 1141 0 0
706 105 0 1
706 269 0 1
706 441 0 2
706 690 0 0
706 1002 2 2
706 1145 2 2
707 437 0 0
707 489 0 2
707 594 1 1
707 965 1 1
708 215 2 0
708 599 2 1
708 1019 1 2
708 1162 1 0
708 1337 0 2
709 43 2 1
709 142 2 1
709 342 0 2
709 397 1 1
709 536 1 0
709 652 1 0
709 751 0 0
709 913 0 1
709 1157 2 1
710 161 0 2
710 453 2 2
710 585 2 1
710 778 0 2
710 1233 2 1
711 99 2 2
711 584 1 0
711 848 1 2
711 921 2 1
711 1271 2 1
712 461 1 1
712 937 1 0
712 1361 1 0
713 288 2 2
713 397 1 0
713 684 1 0
713 953 0 2
713 1361 1 1
714 329 0 1
714 696 2 0
714 1019 1 1
715 206 1 0
715 271 0 2
715 703 2 1
715 903 1 2
715 1083 0 1
716 280 1 2
716 341 0 0
716 372 2 1
716 573 2 0
716 1060 0 1
716 1298 2 0
717 389 2 2
717 711 0 2
717 879 2 2
717 1052 1 0
717 1313 2 0
718 292 1 2
718 564 0 1
718 938 0 2
718 992 2 2
718 1352 2 1
718 1371 0 0
719 148 2 0
719 395 1 2
719 505 2 0
719 535 2 0
719 1001 1 0
719 1253 2 0
720 309 2 0
720 788 1 2
720 1172 2 0
721 86 0 1
721 476 0 0
721 915 2 1
721 1359 0 1
722 355 1 2
722 445 0 1
722 603 0 1
722 821 2 0
722 971 2 0
723 376 2 2
723 612 0 2
723 725 1 2
723 1135 2 2
724 80 0 2
724 154 2 1
724 171 0 0
724 462 0 2
724 808 1 0
724 1196 1 0
725 406 2 2
725 871 2 1
725 988 0 0
726 23 2 0
726 124 0 0
726 147 0 2
726 588 2 0
726 602 2 2
726 1053 2 0
726 1224 2 2
727 486 2 2
727 796 2 0
727 993 1 0
728 278 2 2
728 622 2 0
728 738 1 1
728 925 2 0
728 1265 1 1
729 172 1 2
729 610 1 1
729 995 1 1
729 1321 0 1
730 466 2 0
730 577 1 2
730 615 0 2
730 777 2 2
730 1235 2 1
731 345 2 0
731 833 0 2
731 844 2 2
731 1171 0 0
732 200 2 0
732 392 2 2
732 685 1 0
732 760 2 0
732 1193 1 1
733 376 1 1
733 616 0 1
733 824 1 2
733 1324 0 2
734 257 1 0
734 384 1 1
734 820 2 0
734 1139 1 2
735 294 1 2
735 363 1 2
735 619 0 0
735 694 2 0
735 1021 2 1
736 359 2 2
736 631 2 1
736 804 1 2
736 850 1 1
736 1257 1 0
736 1345 0 1
737 250 2 0
737 651 2 1
737 712 2 2
737 829 1 2
737 1318 1 2
738 471 0 2
738 801 1 1
738 1203 2 0
738 1259 2 1
739 123 2 1
739 231 1 1
739 355 0 2
739 583 1 2
739 636 0 0
739 772 1 1
739 911 1 0
739 1280 0 2
739 1300 2 2
740 114 2 2
740 433 2 2
740 497 1 2
740 945 2 2
740 1357 1 2
741 381 0 1
741 445 2 2
741 647 2 0
741 697 0 0
741 1084 2 2
742 56 2 2
742 409 2 1
742 664 2 1
742 855 0 1
742 1342 2 1
743 156 0 1
743 557 1 2
743 602 1 2
743 1052 1 2
743 1172 2 0
744 416 2 2
744 726 1 2
744 980 0 0
744 1272 2 0
745 334 2 0
745 720 0 2
745 890 1 1
745 1084 0 2
746 181 0 2
746 638 0 0
746 915 0 0
746 1124 1 2
746 1346 1 2
747 235 1 0
747 463 1 0
747 522 0 2
747 818 2 1
747 865 1 2
747 977 0 0
747 1111 1 0
747 1255 2 2
748 227 0 1
748 702 2 1
748 909 0 2
748 1178 1 1
749 47 1 2
749 414 0 0
749 584 2 0
749 1062 2 2
750 162 0 2
750 584 0 0
750 1011 2 1
751 268 2 0
751 422 1 1
751 690 2 1
751 696 1 0
751 994 2 2
751 1105 0 0
752 280 2 1
752 455 2 0
752 825 2 0
752 1315 2 1
753 238 1 2
753 548 0 0
753 590 1 2
753 762 2 1
753 1040 1 1
753 1204 1 2
754 8 0 0
754 235 1 2
754 282 0 1
754 378 0 1
754 557 2 2
754 916 1 1
754 1037 0 2
754 1159 1 2
754 1343 1 2
755 95 2 1
755 192 2 2
755 272 2 0
755 716 0 0
755 742 2 2
755 801 0 1
755 1247 1 2
756 23 1 2
756 395 2 2
756 785 2 2
756 801 2 1
756 927 1 2
756 1127 1 2
757 238 1 1
757 439 0 1
757 717 0 1
757 1042 1 0
757 1048 0 2
758 276 2 1
758 622 2 1
758 830 0 0
758 1301 0 1
759 201 0 0
759 586 0 0
759 626 1 0
759 719 0 1
759 798 2 0
759 1254 2 0
760 238 2 2
760 311 2 1
760 545 0 0
760 632 2 0
760 791 2 1
760 1050 0 1
760 1229 2 1
761 210 2 2
761 469 1 1
761 595 2 2
761 873 0 1
761 1121 1 2
762 84 1 2
762 564 0 1
762 962 1 0
762 1288 0 1
763 190 1 1
763 557 0 1
763 928 1 1
763 945 2 1
763 1258 2 2
764 171 1 0
764 528 1 0
764 833 1 1
764 1019 0 1
764 1236 0 0
765 94 0 1
765 482 1 2
765 627 2 2
765 1010 1 0
765 1208 1 2
766 292 1 2
766 769 0 0
766 1151 1 0
767 79 2 2
767 190 2 1
767 661 2 2
767 758 1 0
767 801 1 2
767 948 2 2
767 1044 0 1
767 1302 2 2
768 184 1 0
768 410 0 0
768 809 2 0
768 1165 0 1
769 166 1 1
769 625 2 2
769 635 1 2
769 969 0 2
769 990 2 1
769 1182 2 1
770 66 0 0
770 88 1 2
770 191 1 2
770 678 1 1
770 857 1 0
770 1166 0 1
771 71 0 0
771 486 0 2
771 938 1 0
771 1310 2 1
772 290 2 0
772 639 1 1
772 978 2 0
772 1249 1 0
773 144 2 0
773 160 2 2
773 217 0 1
773 700 1 1
773 1074 0 1
773 1317 2 0
774 25 2 0
774 468 1 1
774 920 2 0
774 1327 0 1
775 307 0 0
775 419 1 2
775 724 2 2
775 794 2 0
775 1059 1 0
775 1139 1 1
775 1278 2 1
776 17 1 0
776 222 0 0
776 581 1 0
776 712 2 1
776 1195 2 0
777 66 0 0
777 173 1 2
777 620 0 0
777 987 0 1
777 1339 1 1
778 150 1 1
778 277 0 1
778 684 1 2
778 860 2 0
778 962 0 2
778 1337 1 1
779 91 2 2
779 393 0 0
779 581 2 0
779 596 0 2
779 1094 1 1
779 1302 2 1
780 491 2 2
780 945 1 2
780 1150 1 1
781 376 1 0
781 445 2 2
781 709 0 1
781 1113 0 2
781 1163 2 0
782 267 1 2
782 479 1 0
782 743 2 2
782 1064 2 1
782 1078 0 0
782 1140 1 1
783 481 1 2
783 769 0 0
783 1167 1 0
783 1218 0 0
783 1354 1 0
784 444 1 1
784 748 1 0
784 947 1 0
784 1090 2 1
785 496 1 2
785 545 0 1
785 671 0 0
785 985 1 1
785 1173 2 0
785 1318 2 2
786 488 0 1
786 885 1 2
786 1207 2 2
787 197 2 2
787 281 1 1
787 419 1 1
787 566 1 0
787 930 1 1
788 109 0 2
788 164 2 1
788 220 2 0
788 578 2 2
788 1027 0 2
788 1359 1 0
789 269 1 0
789 304 1 1
789 549 0 0
789 858 1 2
789 1307 2 0
790 105 2 1
790 402 1 2
790 789 1 0
790 1078 2 2
790 1299 2 0
791 312 0 2
791 461 0 1
791 767 2 2
791 1147 2 0
791 1196 0 1
792 374 2 0
792 685 2 1
792 785 1 1
792 1145 1 1
793 119 0 2
793 448 1 1
793 767 2 2
793 1132 0 2
794 260 0 1
794 461 0 1
794 779 2 2
794 960 2 1
794 1361 1 0
795 315 0 0
795 686 2 1
795 972 1 2
795 978 2 1
795 983 0 1
795 1188 0 2
795 1296 1 0
796 402 2 1
796 506 2 2
796 1005 0 0
796 1162 2 0
796 1228 1 1
797 85 2 0
797 510 0 2
797 675 0 1
797 726 2 0
797 1133 1 2
798 2 0 2
798 273 0 2
798 550 2 1
798 827 2 0
798 1141 1 2
798 1247 1 1
799 26 2 1
799 452 2 0
799 931 1 0
799 1266 1 1
800 92 2 2
800 202 1 0
800 533 2 2
800 663 2 2
800 685 0 0
800 1023 0 0
800 1253 0 1
801 465 2 0
801 503 0 1
801 522 1 1
801 599 2 0
801 1051 1 1
802 65 0 2
802 556 2 2
802 681 1 2
802 862 0 1
802 1179 0 0
803 283 1 1
803 310 1 2
803 391 1 2
803 602 0 1
803 784 1 0
803 805 1 2
803 828 1 1
803 1002 1 1
804 102 0 1
804 589 2 0
804 961 1 0
804 1337 2 1
805 83 0 0
805 443 1 0
805 905 1 1
805 1224 2 1
805 1352 0 0
806 490 1 0
806 963 0 1
807 43 2 1
807 63 1 0
807 154 1 0
807 292 1 1
807 625 0 1
807 717 2 1
807 881 2 2
807 1222 0 1
808 333 2 1
808 370 1 1
808 850 0 0
808 1243 2 1
808 1295 0 2
808 1347 2 2
809 42 0 1
809 265 2 0
809 531 1 2
809 990 0 1
809 1008 1 0
809 1211 0 2
810 417 1 0
810 761 2 0
810 1078 1 0
811 248 0 1
811 636 1 1
811 912 1 2
811 1071 0 1
811 1132 2 0
812 277 0 1
812 310 0 1
812 556 2 2
812 744 0 1
812 845 2 1
812 1093 2 2
813 373 2 0
813 816 2 2
813 848 0 0
813 1039 2 0
813 1198 1 0
813 1278 2 1
814 3 2 0
814 342 0 1
814 405 2 0
814 562 1 2
814 827 2 2
814 836 2 0
814 1153 2 2
815 158 0 0
815 373 0 2
815 769 0 1
815 1233 1 0
815 1314 1 1
816 59 2 0
816 133 0 1
816 614 1 0
816 731 1 1
816 770 2 0
816 1117 2 0
817 190 0 0
817 652 0 0
817 983 2 0
817 1322 2 0
818 174 2 2
818 237 0 1
818 317 0 0
818 569 0 1
818 792 2 2
818 1227 2 0
819 493 0 2
819 853 2 0
819 1028 1 1
819 1082 1 1
819 1153 2 1
819 1370 2 0
820 87 0 2
820 117 1 0
820 438 1 2
820 750 2 0
820 833 1 1
820 1008 2 0
820 1009 0 1
820 1063 2 2
820 1324 0 2
820 1368 1 0
821 239 1 0
821 285 1 1
821 533 0 1
821 706 2 2
821 1196 1 2
822 2 2 2
822 398 2 0
822 438 2 2
822 877 0 1
822 1230 1 1
822 1326 0 2
823 425 1 2
823 463 0 0
823 772 2 2
823 1151 0 1
824 346 0 1
824 702 2 1
824 786 0 1
824 936 0 2
824 1146 0 2
824 1291 1 0
825 235 1 1
825 636 0 1
825 1113 0 0
825 1296 1 0
826 56 2 2
826 393 1 0
826 500 2 1
826 624 2 1
826 808 2 1
826 1122 0 0
827 273 0 0
827 558 0 1
827 559 0 1
827 1020 2 2
827 1185 0 0
827 1357 1 0
828 117 1 0
828 522 1 1
828 672 2 0
828 841 1 0
828 887 2 1
828 972 2 2
828 1137 1 2
828 1279 0 1
829 96 1 2
829 425 1 1
829 889 1 0
830 148 2 0
830 289 0 0
830 404 1 1
830 439 0 2
830 605 2 1
830 723 1 2
830 1022 0 2
830 1234 2 0
831 430 1 2
831 489 2 2
831 618 0 0
831 915 0 2
831 1362 1 1
832 419 1 2
832 914 2 0
832 960 0 1
832 1105 2 2
832 1333 1 2
833 382 2 2
833 614 1 0
833 626 0 0
833 803 0 0
833 1059 0 2
834 6 2 0
834 171 0 0
834 458 1 1
834 529 1 0
834 632 1 1
834 657 2 1
834 1132 1 1
835 72 0 1
835 246 0 0
835 432 1 1
835 925 0 1
835 940 0 2
835 1234 2 1
836 22 0 2
836 474 2 1
836 612 2 2
836 1024 0 0
837 303 0 0
837 677 0 1
837 1050 1 2
837 1141 1 2
837 1330 0 0
838 273 0 1
838 414 0 1
838 807 0 2
838 848 1 2
838 944 1 1
838 1368 0 1
839 421 1 1
839 853 2 0
839 1294 0 0
840 369 1 1
840 644 2 0
840 808 1 2
840 1136 2 0
841 32 1 0
841 201 0 1
841 347 0 1
841 792 1 1
841 1169 0 0
842 302 1 1
842 311 2 0
842 683 1 0
842 894 0 1
842 1261 2 0
843 11 1 2
843 214 0 2
843 477 2 1
843 601 2 1
843 635 2 2
843 1132 1 2
843 1364 0 2
844 78 2 1
844 436 0 1
844 460 2 0
844 575 0 1
844 1005 1 2
845 330 1 0
845 608 2 1
845 960 1 0
845 1055 1 2
846 183 0 1
846 290 2 1
846 696 0 2
846 717 0 2
846 1168 0 0
847 134 2 0
847 326 1 0
847 791 1 1
847 1019 1 2
847 1264 0 0
847 1322 0 0
848 377 0 1
848 508 2 0
848 724 2 2
848 796 0 1
848 1007 0 0
848 1255 2 1
849 443 1 1
849 659 0 2
849 786 1 1
849 1172 1 1
849 1187 2 1
850 287 1 2
850 665 1 0
850 1061 2 0
851 3 0 2
851 192 2 0
851 475 0 2
851 836 1 0
851 897 2 0
851 1056 2 0
851 1304 2 2
852 100 1 0
852 395 2 0
852 600 1 0
852 855 1 2
852 1285 1 1
853 17 0 0
853 220 1 2
853 483 1 1
853 657 0 0
853 1105 1 2
854 389 2 0
854 812 0 0
854 1113 1 2
855 210 2 1
855 540 1 1
855 914 1 0
855 1371 2 2
856 444 2 0
856 707 0 1
856 873 1 2
856 963 0 1
856 1340 2 2
857 250 2 1
857 419 2 2
857 498 2 1
857 979 1 2
857 1264 2 0
857 1355 1 0
858 296 1 2
858 541 2 1
858 1012 0 0
858 1363 1 2
859 199 1 1
859 658 2 0
859 671 1 2
859 1017 2 1
859 1135 2 1
859 1328 0 1
860 276 1 2
860 404 0 1
860 829 0 1
860 1165 2 2
860 1237 0 1
861 331 0 2
861 676 2 0
861 854 1 0
861 1077 2 0
862 31 0 0
862 220 1 1
862 283 0 1
862 758 1 0
862 881 0 2
862 912 2 0
862 1066 0 0
863 344 2 2
863 415 1 2
863 709 2 1
863 1038 1 2
864 439 1 0
864 565 0 1
864 815 1 1
864 909 0 1
864 1030 0 2
864 1296 2 1
865 13 0 2
865 496 0 1
865 561 1 0
865 784 0 0
865 875 2 1
865 1244 2 1
865 1290 1 0
866 95 0 0
866 268 1 0
866 605 1 0
866 1055 0 0
866 1164 2 0
866 1202 2 2
866 1305 0 2
867 406 0 0
867 465 2 1
867 605 2 2
867 913 0 2
867 1154 2 2
868 320 1 1
868 568 1 1
868 609 1 2
868 819 0 0
868 831 0 1
868 1278 2 1
869 54 1 2
869 161 0 2
869 282 0 1
869 393 2 1
869 514 2 1
869 544 1 2
869 904 2 2
869 1076 2 0
869 1155 0 0
869 1360 1 1
870 495 0 0
870 887 0 2
870 932 1 1
870 964 2 2
870 1249 1 2
870 1304 2 2
871 461 0 1
871 730 0 2
871 1205 1 0
872 464 0 1
872 594 0 0
872 992 2 1
872 1306 1 2
873 206 1 2
873 505 2 1
873 695 2 1
873 948 2 0
873 1191 1 1
873 1297 1 2
873 1369 1 0
874 408 2 0
874 665 2 1
874 687 0 0
874 1065 1 2
874 1164 0 1
875 354 1 1
875 842 0 0
875 1064 0 1
876 186 1 2
876 461 2 0
876 924 1 0
876 1349 0 2
877 417 1 1
877 826 0 0
877 951 2 2
877 1040 1 2
878 421 1 2
878 863 2 0
878 898 1 2
878 949 0 1
878 993 0 2
878 1335 2 0
879 377 1 2
879 418 2 1
879 577 1 2
879 722 0 0
879 1085 1 0
879 1234 2 0
879 1256 0 0
880 70 1 0
880 385 0 2
880 725 0 1
880 1142 2 1
881 210 1 0
881 703 2 2
881 731 1 2
881 786 1 2
881 819 1 2
881 1066 2 2
881 1328 2 1
882 296 0 1
882 359 2 1
882 715 1 1
882 1215 0 0
883 497 2 0
883 608 1 2
883 734 1 0
883 1117 1 0
883 1329 1 0
884 415 1 0
884 697 2 2
884 993 2 2
884 1258 2 1
885 83 0 0
885 558 0 1
885 593 2 2
885 909 1 1
885 978 2 0
886 392 0 1
886 648 2 1
886 1051 0 1
887 109 0 1
887 153 1 0
887 448 0 0
887 581 0 1
887 739 1 1
887 764 2 2
887 783 2 0
887 1096 0 1
887 1316 1 2
888 302 0 2
888 685 0 0
888 936 0 0
888 1138 2 1
888 1304 0 0
889 441 2 0
889 587 0 2
889 769 1 0
889 1235 2 0
890 97 2 1
890 351 1 2
890 501 0 2
890 917 1 0
890 1262 0 1
891 234 2 1
891 534 0 0
891 607 2 1
891 717 1 2
891 774 2 2
891 941 2 1
891 1154 2 2
892 214 1 0
892 466 2 0
892 684 0 1
892 1030 1 0
892 1140 1 2
892 1342 0 1
893 47 0 2
893 199 2 0
893 643 2 0
893 678 1 2
893 932 0 0
893 1126 0 2
894 119 1 0
894 341 2 2
894 397 2 0
894 467 2 2
894 565 0 0
894 603 0 0
894 958 2 0
894 1222 1 2
895 296 1 2
895 662 0 0
895 1093 2 2
896 112 1 0
896 325 0 0
896 348 2 1
896 629 1 0
896 670 2 2
896 848 2 0
896 1053 0 0
897 246 0 1
897 691 1 0
897 993 1 2
898 39 0 2
898 483 1 2
898 525 2 1
898 1011 2 0
898 1084 2 0
898 1309 1 2
899 269 1 1
899 401 1 2
899 534 2 2
899 546 2 2
899 1037 0 0
900 281 0 0
900 769 2 2
900 1143 2 0
901 405 0 1
901 723 1 1
901 980 1 0
901 1070 1 2
901 1099 2 1
902 172 0 2
902 197 2 0
902 374 1 0
902 574 2 1
902 841 1 2
902 912 2 0
902 1158 1 2
902 1244 2 0
902 1297 0 0
902 1313 2 1
903 252 0 2
903 558 2 1
903 820 2 2
903 891 2 0
903 1157 0 0
904 285 2 0
904 474 2 1
904 864 1 2
904 1088 0 2
904 1295 1 1
905 278 1 1
905 451 1 0
905 853 2 1
905 1121 0 0
905 1131 2 0
905 1343 1 0
906 268 0 0
906 411 0 2
906 649 2 1
906 902 2 1
906 1286 1 2
907 409 1 2
907 683 1 1
907 1055 0 1
907 1279 2 0
907 1309 1 0
907 1365 1 1
908 118 0 1
908 534 0 0
908 591 2 1
908 677 0 0
908 1060 2 2
908 1203 0 2
909 209 1 2
909 530 0 0
909 853 0 1
909 1131 1 1
909 1315 1 0
910 129 1 1
910 373 1 2
910 621 1 0
910 931 1 1
910 1001 0 1
910 1279 1 0
911 248 2 1
911 628 2 2
911 643 2 1
911 698 0 2
911 847 1 2
911 929 0 1
911 1296 2 0
912 319 2 1
912 457 2 0
912 761 2 2
912 1250 0 0
913 281 1 0
913 617 0 0
913 719 0 0
913 941 2 1
913 1291 0 2
914 302 0 0
914 578 1 0
914 802 1 2
914 1016 1 0
914 1315 1 2
915 73 1 1
915 344 1 0
915 440 0 0
915 481 2 2
915 849 1 2
915 974 0 0
915 1333 2 0
916 367 1 1
916 674 1 1
916 927 0 0
916 1356 2 2
917 54 2 2
917 423 1 0
917 629 2 2
917 756 1 1
917 1042 0 2
917 1320 2 0
918 203 2 1
918 656 0 2
918 718 1 1
918 1085 2 2
919 180 1 2
919 453 1 2
919 778 1 1
919 1157 1 0
919 1226 2 0
920 324 1 1
920 513 0 2
920 807 0 0
920 869 2 0
920 1106 1 2
920 1278 0 2
921 161 0 1
921 531 1 0
921 710 1 1
921 830 1 0
921 985 1 0
921 1150 1 1
921 1276 0 2
922 145 0 1
922 293 1 1
922 772 2 0
922 1003 2 0
923 485 2 0
923 762 2 2
923 1010 1 1
923 1111 0 1
924 171 2 2
924 244 1 0
924 450 1 0
924 706 1 2
924 795 1 2
924 961 2 1
924 1063 1 2
924 1209 0 2
925 16 0 2
925 155 0 1
925 491 2 0
925 932 0 1
926 379 0 1
926 735 2 2
926 1036 0 2
926 1252 1 2
927 88 2 1
927 196 2 2
927 402 2 0
927 861 2 0
927 1195 0 1
928 215 1 2
928 326 0 0
928 591 2 0
928 891 2 1
928 1105 0 2
929 333 0 2
929 458 2 0
929 869 0 0
929 944 0 1
929 1149 1 2
930 296 0 2
930 586 1 2
930 677 1 2
930 1151 2 2
931 105 2 2
931 428 0 0
931 731 2 1
931 833 2 2
931 1056 2 0
931 1361 2 0
932 1 1 2
932 273 1 1
932 510 0 0
932 749 0 0
932 1105 0 2
932 1158 2 2
933 214 0 1
933 526 0 1
933 951 1 2
933 1250 1 0
933 1313 2 0
934 489 1 2
934 881 1 1
934 1163 0 0
934 1231 2 2
934 1273 0 2
935 362 2 2
935 515 1 1
935 970 0 1
935 1104 0 0
936 479 0 1
936 644 2 2
936 707 1 2
936 964 1 0
936 1283 1 1
936 1332 1 1
937 127 1 2
937 480 0 0
937 935 1 0
937 1217 1 0
938 354 0 2
938 794 1 2
938 828 1 2
938 1025 1 2
938 1131 2 0
938 1323 0 0
939 59 2 2
939 497 1 0
939 527 2 2
939 757 0 2
939 953 0 1
939 1259 1 0
940 268 0 0
940 694 2 0
940 800 0 2
940 900 1 0
940 1216 2 0
941 397 0 1
941 636 0 0
941 806 1 2
941 1086 1 0
941 1317 0 2
941 1327 0 1
942 265 1 2
942 471 1 2
942 769 2 2
942 1197 2 0
942 1320 2 1
943 434 2 2
943 573 0 2
943 1045 1 1
944 469 0 1
944 711 2 0
944 883 1 2
944 1272 2 0
945 406 2 1
945 781 1 0
945 841 0 2
945 1311 1 1
946 388 2 2
946 420 0 2
946 580 2 0
946 643 2 2
946 1105 2 2
946 1168 1 2
947 472 0 2
947 514 2 1
947 754 2 2
947 1173 2 2
947 1270 2 2
947 1283 1 0
948 217 2 2
948 260 1 0
948 264 0 1
948 293 0 0
948 532 0 0
948 631 1 0
948 812 2 0
948 1022 2 1
948 1285 2 0
949 245 2 0
949 475 2 0
949 710 0 1
949 1025 2 1
950 46 0 2
950 339 1 2
950 638 0 2
950 681 0 0
950 980 2 1
950 1345 1 2
951 353 1 2
951 807 1 2
951 1043 2 1
952 404 1 2
952 418 1 0
952 582 1 1
952 918 0 2
952 1026 0 1
952 1058 0 1
953 231 2 2
953 312 1 2
953 594 1 2
953 1031 0 2
953 1050 0 0
954 365 1 0
954 762 2 1
954 989 0 2
954 1080 1 0
955 256 2 2
955 455 1 2
955 603 0 0
955 807 0 1
955 830 1 0
955 1267 0 0
956 104 1 1
956 552 2 0
956 966 1 0
956 1215 1 2
956 1252 1 0
957 29 0 1
957 377 1 2
957 666 1 2
957 716 2 2
957 938 0 2
957 1138 1 0
958 166 0 0
958 529 1 2
958 967 0 2
958 976 1 2
958 1073 1 1
958 1183 2 0
959 250 1 1
959 716 2 2
959 1085 0 0
960 364 2 0
960 761 2 1
960 909 0 0
960 1246 1 0
960 1300 2 0
961 145 0 0
961 612 1 0
961 645 2 1
961 1111 0 2
961 1227 1 2
962 280 2 1
962 422 0 1
962 836 1 1
962 1147 2 1
963 435 0 0
963 629 1 0
963 671 1 2
963 1159 0 2
963 1262 0 0
964 304 1 1
964 556 2 2
964 664 1 0
964 1106 2 0
965 71 1 2
965 297 0 1
965 446 2 0
965 772 0 0
965 969 0 1
965 1121 0 2
965 1202 2 1
966 223 2 2
966 464 1 1
966 522 0 0
966 533 0 0
966 873 1 2
966 1264 0 0
966 1316 0 1
967 74 2 0
967 568 1 2
967 980 0 1
968 354 0 1
968 598 2 2
968 1022 1 0
968 1091 1 0
968 1263 1 0
968 1273 2 1
969 472 0 1
969 965 2 1
969 1330 0 1
970 262 2 0
970 525 1 0
970 989 1 1
970 1260 1 0
970 1261 2 0
971 68 0 1
971 394 0 0
971 861 2 2
971 1289 2 1
972 296 0 1
972 557 1 0
972 737 1 1
972 1068 0 0
972 1154 2 0
973 105 2 1
973 129 0 2
973 219 0 0
973 585 0 0
973 1059 1 2
974 2 1 0
974 265 1 2
974 365 2 0
974 624 2 2
974 955 0 1
974 1185 0 1
975 90 0 0
975 382 2 2
975 807 1 1
975 1125 2 0
975 1198 1 0
975 1201 0 0
976 464 0 1
976 465 1 0
976 505 0 2
976 924 0 2
976 1138 2 0
977 94 0 0
977 398 0 2
977 764 0 1
977 1158 1 1
977 1197 0 0
977 1245 1 2
978 410 2 0
978 501 2 1
978 843 1 1
978 1117 2 0
979 382 1 1
979 404 0 0
979 501 1 1
979 538 1 0
979 977 0 2
979 1331 2 0
980 12 0 0
980 199 0 0
980 535 2 1
980 661 0 0
980 931 1 1
980 1041 2 1
980 1324 1 1
981 279 2 2
981 588 2 2
981 1068 1 1
981 1092 1 1
982 284 0 1
982 549 0 0
982 821 0 2
982 1259 2 2
982 1283 1 1
982 1316 2 1
983 91 0 0
983 293 1 0
983 490 1 2
983 693 1 2
983 1113 2 2
984 396 1 1
984 869 0 1
984 1134 1 0
984 1339 1 0
985 191 0 0
985 418 0 0
985 592 1 0
985 681 0 2
985 836 1 1
985 1317 1 1
986 154 0 1
986 266 2 2
986 322 0 1
986 571 1 1
986 688 2 0
986 971 2 2
986 1260 2 1
987 357 0 1
987 724 1 2
987 938 0 2
987 1135 1 0
988 488 2 0
988 569 0 0
988 644 0 0
988 809 2 1
988 816 2 1
988 896 2 1
989 368 2 0
989 428 0 0
989 716 1 1
989 838 2 2
989 940 1 2
990 80 1 0
990 303 1 2
990 487 0 1
990 821 0 2
990 856 0 1
990 959 2 2
991 161 1 2
991 507 2 1
991 898 1 1
991 1178 0 1
992 72 2 0
992 94 0 2
992 216 2 0
992 335 2 2
992 574 1 1
992 902 1 1
992 1238 0 1
993 479 2 2
993 704 2 1
993 856 0 2
993 1295 2 1
994 412 0 0
994 821 0 2
994 891 0 0
994 1011 2 1
994 1351 2 1
995 1 1 2
995 134 2 0
995 161 1 0
995 316 1 2
995 532 0 1
995 633 2 0
995 768 0 2
995 1156 0 0
996 470 0 2
996 654 0 2
996 726 2 1
996 852 0 0
996 1247 0 2
997 368 2 0
997 708 2 0
997 1049 2 0
998 50 0 1
998 277 2 0
998 642 2 0
998 983 2 1
999 200 1 0
999 582 1 0
999 821 2 0
999 1102 2 2
1000 266 0 1
1000 502 0 1
1000 622 1 2
1000 1027 1 0
1000 1155 1 2
1001 52 2 1
1001 308 1 0
1001 320 0 1
1001 770 0 1
1001 927 0 1
1001 1097 0 2
1002 260 2 2
1002 536 0 2
1002 877 2 0
1002 1150 2 2
1003 479 2 2
1003 979 0 1
1003 1354 0 0
1004 90 0 1
1004 322 1 1
1004 355 2 1
1004 649 0 1
1004 751 0 2
1004 919 1 0
1004 1158 1 0
1004 1352 1 0
1005 177 0 1
1005 418 2 0
1005 846 1 1
1005 1251 0 2
1006 63 0 1
1006 178 0 2
1006 664 0 2
1006 809 0 1
1006 1014 2 1
1006 1125 2 1
1006 1294 0 1
1006 1328 2 0
1007 347 2 2
1007 408 2 0
1007 586 2 0
1007 1024 2 2
1007 1305 0 1
1008 284 0 0
1008 764 0 0
1008 1187 2 1
1009 477 0 2
1009 612 2 1
1009 891 0 2
1010 230 0 0
1010 560 0 2
1010 800 2 2
1010 1221 2 0
1011 390 0 2
1011 843 0 0
1011 1284 2 0
1012 104 1 0
1012 347 2 2
1012 482 1 2
1012 849 0 2
1012 1169 1 0
1013 377 0 2
1013 872 0 0
1013 1256 0 2
1014 176 2 1
1014 363 0 2
1014 390 2 2
1014 410 1 2
1014 704 0 2
1014 960 1 1
1014 1344 0 0
1015 422 2 2
1015 782 0 2
1015 1163 1 2
1016 65 2 2
1016 553 2 2
1016 724 2 0
1016 1106 1 1
1017 208 1 1
1017 438 2 1
1017 599 1 0
1017 1042 0 0
1017 1338 1 2
1018 104 2 2
1018 589 0 2
1018 994 0 0
1019 433 2 2
1019 669 2 2
1019 1080 1 1
1019 1325 0 2
1020 214 1 1
1020 694 0 0
1020 942 2 2
1020 1309 1 2
1021 431 1 2
1021 544 0 0
1021 754 2 0
1021 961 2 1
1021 1280 1 0
1022 497 1 0
1022 830 0 2
1022 1229 1 1
1023 403 2 2
1023 722 2 0
1023 1097 2 2
1023 1129 1 0
1023 1252 2 1
1024 328 1 2
1024 433 2 1
1024 739 1 0
1024 800 1 0
1024 956 0 2
1024 1339 1 2
1025 149 0 1
1025 597 0 1
1025 810 0 0
1025 1286 1 1
1025 1331 0 0
1026 133 2 1
1026 549 2 2
1026 937 2 2
1026 1099 2 1
1027 11 2 1
1027 179 0 2
1027 660 1 1
1027 884 2 1
1027 1089 1 2
1027 1173 1 2
1028 315 1 2
1028 635 0 1
1028 710 0 0
1028 988 1 0
1028 1183 2 0
1029 255 1 0
1029 725 2 2
1029 1221 1 1
1030 73 2 1
1030 399 0 0
1030 472 0 0
1030 503 1 0
1030 980 1 0
1030 1336 1 1
1031 281 0 2
1031 500 0 2
1031 935 1 1
1031 1212 1 1
1031 1254 1 2
1032 104 1 1
1032 157 1 0
1032 444 1 2
1032 883 1 0
1032 939 0 0
1032 1280 0 1
1033 313 1 0
1033 673 1 0
1033 882 2 1
1033 988 2 0
1033 1062 1 2
1033 1184 2 0
1034 317 2 0
1034 798 2 1
1034 1051 2 1
1034 1076 1 2
1034 1185 2 2
1035 209 2 1
1035 351 2 0
1035 489 0 2
1035 812 1 1
1035 1158 1 1
1035 1219 1 1
1035 1349 0 1
1036 89 2 2
1036 285 2 1
1036 534 2 1
1036 834 0 2
1036 910 2 1
1036 1230 1 2
1037 360 0 1
1037 362 2 0
1037 692 2 2
1037 1035 0 0
1037 1213 2 0
1037 1355 1 2
1038 328 2 1
1038 828 0 1
1038 1018 1 2
1039 57 0 1
1039 491 1 2
1039 964 1 0
1039 1144 2 1
1040 328 1 2
1040 724 1 2
1040 1217 0 2
1040 1239 1 2
1041 44 1 0
1041 215 1 2
1041 231 0 1
1041 472 2 1
1041 805 0 0
1041 977 2 2
1042 264 0 2
1042 533 0 2
1042 836 1 0
1042 1052 2 1
1042 1332 2 1
1043 187 2 0
1043 554 1 1
1043 1030 1 0
1043 1116 0 1
1043 1273 0 0
1043 1311 0 2
1044 155 2 2
1044 191 1 2
1044 413 2 0
1044 794 1 0
1044 823 0 2
1044 1036 0 2
1044 1231 0 1
1045 53 2 1
1045 475 0 1
1045 903 2 0
1045 1208 2 1
1045 1259 2 2
1045 1323 1 2
1046 292 1 1
1046 783 1 2
1046 1173 0 2
1046 1186 2 1
1046 1362 2 2
1047 113 0 1
1047 533 1 0
1047 1005 0 0
1047 1262 0 2
1048 196 0 0
1048 572 1 2
1048 621 1 0
1048 834 1 1
1048 1325 2 2
1049 267 1 1
1049 721 1 2
1049 841 1 1
1049 912 0 1
1049 1249 0 2
1050 416 1 1
1050 826 2 2
1050 892 1 0
1051 197 1 1
1051 636 2 0
1051 755 0 1
1051 1058 2 0
1051 1192 1 1
1052 407 1 0
1052 497 2 2
1052 649 0 1
1052 868 0 1
1052 1042 0 2
1052 1247 2 1
1052 1343 2 0
1053 384 0 1
1053 845 0 2
1053 971 1 2
1053 1361 0 1
1054 247 1 1
1054 618 2 0
1054 998 1 0
1054 1088 1 1
1054 1197 0 2
1055 129 1 1
1055 435 2 2
1055 888 0 2
1055 898 0 1
1055 1075 1 2
1056 406 0 2
1056 460 1 0
1056 615 0 2
1056 1008 2 2
1056 1068 1 1
1057 63 1 0
1057 561 2 0
1057 767 2 2
1057 787 2 2
1057 859 2 2
1057 1034 1 0
1058 172 0 1
1058 598 1 0
1058 709 1 0
1058 1009 1 0
1058 1030 1 0
1059 212 1 1
1059 628 2 0
1059 652 1 1
1059 723 0 0
1059 1034 2 0
1059 1094 2 0
1060 156 2 2
1060 332 1 1
1060 507 2 0
1060 913 1 0
1060 1342 2 2
1061 419 2 2
1061 619 2 2
1061 681 2 1
1061 907 0 2
1061 1108 2 0
1062 134 0 1
1062 207 0 2
1062 698 1 2
1062 1118 0 2
1063 364 0 0
1063 387 2 2
1063 433 0 1
1063 785 1 1
1063 1081 1 1
1063 1152 0 0
1063 1268 2 1
1063 1337 1 1
1064 401 0 1
1064 864 2 2
1064 997 1 0
1064 1024 0 0
1064 1281 0 2
1065 275 2 2
1065 576 2 0
1065 745 2 2
1065 1189 1 0
1066 220 0 0
1066 489 2 2
1066 916 0 2
1066 1149 2 2
1066 1334 0 2
1067 321 1 1
1067 382 2 0
1067 475 2 0
1067 523 1 0
1067 948 0 1
1067 1333 0 2
1068 279 2 1
1068 327 2 1
1068 479 0 2
1068 775 2 1
1068 853 1 2
1068 1092 1 0
1068 1289 2 0
1069 403 2 0
1069 701 2 2
1069 1022 2 1
1069 1369 1 1
1070 470 0 1
1070 955 1 2
1070 1307 1 2
1071 94 2 0
1071 508 1 1
1071 786 0 1
1071 1058 0 0
1071 1091 2 1
1071 1291 1 0
1072 349 0 2
1072 458 0 1
1072 619 2 1
1072 919 0 2
1072 936 0 1
1072 1169 0 1
1073 116 0 2
1073 416 0 1
1073 588 0 0
1073 858 1 1
1073 875 2 1
1073 1086 1 2
1073 1158 0 1
1073 1274 1 0
1073 1280 2 0
1074 444 2 0
1074 691 0 0
1074 1114 0 1
1075 473 1 0
1075 521 1 1
1075 873 0 0
1075 888 0 1
1075 897 1 0
1076 351 2 0
1076 400 2 1
1076 742 0 0
1076 1001 0 1
1076 1033 2 0
1076 1298 1 2
1077 69 2 2
1077 110 1 0
1077 461 2 0
1077 616 2 0
1077 630 0 0
1077 776 0 1
1077 945 0 0
1077 1072 0 2
1078 279 0 0
1078 575 0 2
1078 758 0 0
1078 1105 2 2
1079 44 0 2
1079 320 0 2
1079 775 1 2
1079 1080 2 1
1080 384 0 2
1080 453 0 2
1080 761 1 2
1080 1029 0 2
1080 1366 2 0
1081 414 1 2
1081 822 0 2
1081 920 1 1
1081 986 2 1
1081 1236 2 0
1081 1244 1 1
1081 1330 0 0
1082 464 1 2
1082 489 1 0
1082 555 2 2
1082 833 1 0
1082 873 0 2
1082 1290 2 2
1083 229 2 0
1083 662 1 2
1083 923 0 2
1083 1217 1 0
1083 1224 1 1
1083 1240 0 2
1083 1290 2 0
1084 302 1 0
1084 644 2 1
1084 1037 1 0
1084 1252 1 1
1085 263 2 0
1085 640 1 0
1085 1107 2 1
1085 1171 2 1
1086 169 0 2
1086 239 0 1
1086 255 0 0
1086 743 1 0
1086 1216 2 2
1087 440 1 2
1087 446 0 1
1087 799 2 2
1087 1258 1 2
1087 1286 1 1
1088 349 0 2
1088 669 2 2
1088 784 1 1
1088 890 0 2
1088 1275 0 0
1088 1325 2 0
1089 87 2 0
1089 284 0 2
1089 308 1 1
1089 335 2 2
1089 835 2 1
1090 21 1 0
1090 422 0 2
1090 708 1 0
1090 864 1 0
1090 1262 2 0
1091 76 2 2
1091 84 0 0
1091 379 0 0
1091 602 1 2
1091 877 0 1
1091 1280 2 2
1092 85 0 1
1092 509 0 1
1092 997 1 0
1092 1048 1 2
1093 439 2 2
1093 559 2 0
1093 629 2 0
1093 1094 0 1
1094 395 2 2
1094 400 1 2
1094 830 1 0
1094 947 2 2
1094 1330 2 2
1095 341 0 2
1095 489 0 0
1095 532 2 2
1095 563 0 0
1095 763 1 0
1095 1259 1 2
1096 84 1 2
1096 135 1 2
1096 158 1 1
1096 462 1 0
1096 612 1 1
1096 725 2 2
1096 1166 1 2
1097 227 0 2
1097 481 1 2
1097 657 2 0
1097 802 2 1
1097 955 1 2
1098 293 2 1
1098 501 0 1
1098 861 2 2
1098 866 1 2
1098 1161 2 2
1099 117 1 2
1099 259 2 0
1099 500 0 0
1099 519 2 1
1099 530 1 1
1099 1010 0 0
1099 1027 0 0
1099 1190 2 1
1100 402 0 2
1100 882 0 0
1100 902 0 1
1100 1181 2 2
1100 1226 2 2
1101 497 0 2
1101 927 2 2
1101 1155 1 2
1101 1264 2 0
1102 425 1 1
1102 907 0 2
1102 1081 2 0
1102 1247 2 2
1103 461 0 0
1103 959 2 0
1103 1330 1 2
1104 471 0 1
1104 767 1 1
1104 886 0 0
1104 1070 0 2
1104 1081 2 1
1104 1160 1 1
1105 34 2 0
1105 266 0 1
1105 636 2 2
1105 745 1 1
1105 934 0 0
1105 1154 2 0
1106 17 0 2
1106 355 0 1
1106 786 1 1
1106 873 0 1
1106 1203 1 0
1107 53 2 1
1107 431 1 2
1107 799 1 2
1107 1084 2 0
1108 446 1 1
1108 480 0 1
1108 614 1 1
1108 662 0 2
1108 1054 0 0
1108 1147 2 1
1108 1221 2 1
1109 296 0 2
1109 566 2 1
1109 952 0 1
1109 1363 2 2
1110 400 1 2
1110 538 2 0
1110 954 2 0
1110 1365 0 1
1111 268 2 1
1111 630 0 0
1111 1116 0 0
1112 437 2 2
1112 843 1 2
1112 1067 1 2
1113 288 2 2
1113 607 2 0
1113 748 0 2
1113 997 2 2
1114 81 0 2
1114 327 2 0
1114 523 0 2
1114 886 1 2
1114 1303 0 0
1115 48 2 1
1115 158 1 2
1115 454 2 2
1115 934 2 2
1115 995 0 1
1115 1206 0 0
1116 486 1 2
1116 518 0 1
1116 646 0 2
1116 1117 2 1
1116 1344 0 1
1117 55 1 2
1117 114 0 1
1117 207 1 2
1117 251 2 1
1117 539 2 1
1117 544 0 2
1117 595 2 1
1117 906 1 1
1117 1143 1 0
1118 458 1 1
1118 790 1 1
1118 1239 2 0
1118 1254 2 2
1118 1278 0 2
1119 24 1 2
1119 52 1 0
1119 429 1 1
1119 638 2 0
1119 989 1 1
1120 274 0 2
1120 529 1 1
1120 548 2 1
1120 969 0 0
1120 1271 1 0
1121 317 2 1
1121 758 2 2
1121 1062 2 0
1122 124 0 2
1122 427 2 2
1122 901 2 2
1122 988 2 1
1122 1032 1 0
1123 222 0 0
1123 597 1 2
1123 1041 1 1
1124 26 0 2
1124 47 2 1
1124 478 1 1
1124 498 1 0
1124 972 1 1
1124 1119 1 1
1125 36 0 1
1125 201 0 2
1125 536 1 2
1125 630 0 2
1125 929 0 0
1125 1198 1 2
1125 1326 0 0
1125 1365 1 2
1126 179 0 1
1126 387 0 0
1126 738 1 1
1126 961 1 0
1126 1292 2 0
1127 170 1 0
1127 461 2 2
1127 588 0 0
1127 1071 1 2
1127 1075 0 2
1127 1223 2 0
1128 84 1 0
1128 436 0 2
1128 501 0 1
1128 965 2 2
1128 1326 2 2
1128 1364 0 0
1129 433 0 2
1129 814 0 2
1129 932 0 1
1129 1309 2 0
1130 221 0 0
1130 602 0 2
1130 863 0 2
1130 1363 2 0
1131 360 0 1
1131 677 1 1
1131 1074 0 2
1131 1206 0 1
1132 221 1 2
1132 713 1 2
1132 1099 2 0
1133 401 2 1
1133 428 1 0
1133 535 0 2
1133 665 2 2
1133 693 2 0
1133 922 1 0
1133 1100 1 1
1133 1263 2 2
1134 105 0 1
1134 209 2 0
1134 580 0 1
1134 915 0 2
1134 1271 0 0
1135 95 1 1
1135 444 1 2
1135 559 1 2
1135 1040 2 1
1135 1274 2 0
1136 146 1 2
1136 380 0 2
1136 556 2 0
1136 1009 0 2
1136 1349 0 0
1137 21 0 0
1137 50 2 0
1137 371 2 2
1137 794 2 0
1137 965 2 2
1138 7 1 1
1138 331 0 1
1138 567 2 1
1138 1040 2 1
1138 1343 2 1
1139 58 0 1
1139 93 1 0
1139 353 2 2
1139 463 2 0
1139 833 2 2
1139 1028 1 2
1140 482 1 0
1140 649 0 0
1140 672 0 2
1140 1134 1 1
1141 329 2 1
1141 339 2 0
1141 791 1 0
1141 1108 0 2
1141 1194 1 1
1142 198 2 1
1142 403 2 2
1142 472 1 1
1142 719 0 0
1142 1131 2 0
1142 1215 1 1
1143 433 0 2
1143 482 0 1
1143 925 0 1
1143 1321 0 2
1144 196 2 1
1144 475 1 0
1144 893 1 0
1144 1138 0 1
1145 5 2 2
1145 314 2 2
1145 383 0 2
1145 626 2 2
1145 1044 0 2
1145 1303 0 0
1146 158 0 1
1146 305 2 0
1146 779 0 1
1146 1085 2 2
1147 14 2 0
1147 461 2 2
1147 657 2 0
1147 1095 2 1
1148 224 0 1
1148 360 0 2
1148 700 2 2
1148 738 2 0
1148 1031 0 1
1149 464 1 2
1149 849 1 0
1149 1275 0 2
1150 71 0 1
1150 194 1 1
1150 409 1 2
1150 493 0 2
1150 803 0 2
1150 1117 0 0
1150 1151 1 0
1150 1263 0 0
1151 91 0 1
1151 399 0 1
1151 412 0 1
1151 818 2 1
1151 852 0 1
1151 1103 1 1
1151 1106 2 0
1151 1328 2 1
1152 131 1 0
1152 478 0 0
1152 889 2 2
1152 922 2 1
1152 1204 2 1
1153 15 1 2
1153 376 2 2
1153 421 0 2
1153 467 1 1
1153 831 2 1
1153 1022 2 1
1153 1349 0 0
1154 156 1 2
1154 525 2 0
1154 753 0 1
1154 1185 1 0
1155 388 0 0
1155 737 0 2
1155 769 2 0
1155 904 0 0
1155 1345 0 2
1156 125 1 2
1156 581 1 2
1156 812 2 0
1156 880 0 0
1156 926 0 1
1156 1032 1 0
1156 1368 1 0
1157 194 2 2
1157 416 2 2
1157 881 2 0
1158 234 0 2
1158 374 0 0
1158 521 1 0
1158 919 1 0
1158 1031 2 0
1159 126 0 1
1159 243 1 2
1159 563 1 0
1159 736 0 0
1159 930 2 0
1159 1056 2 0
1160 487 0 2
1160 715 1 1
1160 1162 0 2
1161 398 1 1
1161 519 2 2
1161 841 2 2
1161 975 0 0
1161 1059 0 1
1162 149 2 0
1162 306 2 1
1162 608 1 0
1162 999 0 1
1162 1118 1 0
1163 432 1 0
1163 908 1 0
1163 1089 0 2
1163 1160 2 0
1164 168 0 1
1164 411 0 2
1164 714 0 0
1164 799 0 1
1164 1127 0 2
1165 468 1 1
1165 655 2 2
1165 898 2 2
1165 899 2 2
1165 1340 2 0
1166 334 0 1
1166 638 0 2
1166 658 2 2
1166 917 1 2
1166 1339 2 2
1167 178 1 0
1167 193 1 1
1167 407 1 2
1167 649 2 0
1167 923 1 0
1167 1229 0 0
1167 1263 1 1
1168 390 2 0
1168 503 2 1
1168 682 2 2
1168 905 0 2
1168 1276 0 1
1169 205 0 0
1169 263 1 1
1169 417 0 2
1169 576 0 1
1169 807 1 0
1169 1193 1 1
1170 239 0 2
1170 424 2 2
1170 532 2 2
1170 662 1 1
1170 715 1 0
1170 960 2 2
1171 203 1 2
1171 480 0 2
1171 877 0 1
1171 1020 0 0
1172 128 0 2
1172 513 0 0
1172 968 1 2
1172 1349 0 2
1173 135 1 1
1173 172 1 0
1173 299 1 2
1173 642 1 0
1173 815 0 1
1173 1000 2 0
1173 1113 0 0
1173 1188 1 0
1173 1258 2 0
1174 487 1 1
1174 969 0 0
1174 1125 0 1
1174 1360 0 0
1175 49 1 2
1175 336 1 1
1175 648 0 2
1175 1021 1 0
1176 306 1 0
1176 667 1 0
1176 728 0 2
1176 1114 1 1
1176 1324 2 1
1177 339 1 2
1177 503 1 0
1177 645 2 1
1177 1114 2 2
1178 186 0 0
1178 430 2 2
1178 870 2 0
1178 988 1 2
1179 413 2 1
1179 812 1 2
1179 1003 1 1
1179 1298 2 0
1179 1368 1 2
1180 357 2 0
1180 523 2 2
1180 1018 0 2
1181 117 2 1
1181 240 1 2
1181 364 0 2
1181 776 0 1
1181 811 2 0
1181 962 0 2
1181 1370 1 0
1182 265 1 2
1182 630 0 2
1182 693 2 2
1182 753 2 1
1182 756 2 2
1182 923 0 0
1182 1204 0 0
1183 282 2 0
1183 629 0 2
1183 697 1 0
1183 874 1 2
1183 1221 0 2
1184 282 0 1
1184 540 2 1
1184 931 0 2
1184 1134 1 0
1184 1358 1 2
1185 305 2 1
1185 720 0 1
1185 745 0 1
1185 1235 2 2
1186 279 1 2
1186 674 1 0
1186 760 2 1
1186 1111 0 0
1187 170 0 2
1187 288 1 1
1187 436 0 1
1187 536 1 0
1187 712 0 2
1187 829 0 1
1187 1286 2 0
1187 1300 1 2
1188 177 0 2
1188 471 1 2
1188 855 2 1
1188 1176 2 1
1188 1280 0 2
1189 78 2 0
1189 518 2 2
1189 566 1 2
1189 732 1 2
1189 875 2 2
1189 1105 1 1
1189 1275 1 2
1190 222 0 2
1190 352 0 0
1190 574 2 0
1190 963 0 2
1190 1142 2 0
1191 405 2 1
1191 841 2 1
1191 992 1 2
1191 1044 2 2
1192 114 2 1
1192 284 1 1
1192 666 2 2
1192 756 0 0
1192 868 1 1
1192 1116 2 2
1193 82 1 2
1193 514 2 2
1193 878 0 2
1193 1051 0 1
1193 1276 2 1
1194 442 2 2
1194 644 2 0
1194 748 2 2
1194 960 2 2
1194 1303 1 2
1195 9 2 2
1195 122 2 2
1195 398 2 2
1195 479 0 1
1195 862 2 2
1195 891 0 1
1195 1049 0 1
1195 1288 2 1
1196 397 1 0
1196 738 2 1
1196 991 2 1
1196 1355 0 2
1197 44 0 2
1197 144 2 0
1197 454 0 0
1197 623 2 1
1197 905 2 0
1197 1125 2 1
1198 51 1 2
1198 253 2 0
1198 685 1 1
1198 1132 2 2
1198 1253 2 0
1198 1300 0 0
1198 1363 1 0
1199 440 1 1
1199 558 1 0
1199 744 1 1
1199 824 1 2
1199 978 1 1
1199 1219 1 0
1199 1256 0 2
1199 1326 0 0
1200 77 0 0
1200 250 0 1
1200 301 2 1
1200 480 2 2
1200 495 1 2
1200 538 0 2
1200 624 0 1
1200 1100 2 0
1201 436 0 0
1201 790 2 1
1201 985 2 0
1201 1337 1 1
1202 48 2 2
1202 226 0 2
1202 571 1 2
1202 774 1 0
1202 1221 0 2
1203 208 0 1
1203 481 1 2
1203 551 1 2
1203 972 1 0
1203 1056 1 1
1203 1339 2 1
1204 354 2 1
1204 745 1 2
1204 1085 2 1
1205 97 0 2
1205 131 0 2
1205 520 2 2
1205 801 1 2
1205 1110 1 0
1205 1305 2 0
1206 181 0 0
1206 647 1 2
1206 719 0 1
1206 943 1 2
1206 1232 0 0
1206 1370 0 1
1207 210 0 0
1207 677 1 1
1207 688 0 0
1207 828 0 0
1207 975 2 0
1207 1017 1 0
1207 1039 1 0
1207 1138 2 0
1207 1368 1 0
1208 471 2 2
1208 481 0 2
1208 887 2 1
1208 998 0 2
1209 176 2 1
1209 648 0 2
1209 743 1 1
1209 759 2 0
1209 965 0 1
1209 1101 0 2
1210 410 2 0
1210 829 0 0
1210 1112 2 0
1211 72 0 1
1211 353 1 1
1211 686 2 1
1211 944 2 0
1211 1264 2 2
1212 492 1 1
1212 611 1 0
1212 685 2 0
1212 1051 2 0
1213 322 2 0
1213 421 1 0
1213 555 0 1
1213 996 0 0
1213 1064 2 2
1213 1216 0 0
1213 1346 1 2
1214 234 2 0
1214 418 0 2
1214 711 1 0
1214 1046 1 1
1215 120 0 0
1215 312 1 0
1215 449 0 2
1215 523 0 1
1215 566 2 2
1215 649 2 1
1215 667 2 0
1215 786 2 0
1215 1104 0 2
1216 168 0 2
1216 381 2 0
1216 817 1 2
1216 1310 1 2
1217 223 2 2
1217 437 0 2
1217 490 1 1
1217 790 1 0
1217 839 1 2
1217 996 1 2
1218 337 2 1
1218 745 1 0
1218 956 0 0
1218 1123 1 2
1218 1256 2 1
1218 1324 0 0
1219 142 1 2
1219 180 1 0
1219 290 1 1
1219 332 0 1
1219 339 0 1
1219 388 0 1
1219 759 1 1
1219 1008 0 0
1219 1145 0 0
1220 416 1 1
1220 915 0 1
1220 1257 2 2
1221 397 1 1
1221 556 1 2
1221 741 1 0
1221 948 2 0
1221 1059 2 1
1222 347 2 1
1222 603 0 2
1222 1047 0 1
1222 1247 1 0
1223 31 1 0
1223 230 2 1
1223 427 0 0
1223 708 1 2
1223 927 1 2
1223 1191 0 0
1224 448 2 2
1224 822 0 1
1224 1250 2 2
1225 499 0 0
1225 643 1 2
1225 1034 2 0
1226 235 2 1
1226 615 2 1
1226 690 2 1
1226 910 0 2
1226 943 0 2
1226 994 0 1
1227 135 2 1
1227 198 1 2
1227 613 2 1
1227 880 1 1
1227 1148 2 0
1227 1275 1 2
1228 10 2 2
1228 464 1 1
1228 871 1 2
1228 945 1 0
1228 1346 2 2
1229 405 1 2
1229 764 2 0
1229 1196 1 2
1229 1240 2 1
1229 1279 1 1
1230 408 2 0
1230 824 1 0
1230 1162 0 1
1230 1267 0 2
1231 398 2 1
1231 459 2 1
1231 522 0 2
1231 611 0 0
1231 680 1 1
1231 1000 0 2
1232 447 0 0
1232 620 2 0
1232 821 1 0
1232 1255 0 0
1232 1319 1 0
1233 179 0 2
1233 656 0 1
1233 1032 0 0
1234 217 2 2
1234 449 2 2
1234 898 0 0
1234 1183 0 1
1235 31 1 2
1235 336 0 2
1235 823 0 0
1235 866 2 1
1235 886 2 0
1235 928 0 1
1235 1166 2 1
1236 417 0 0
1236 908 1 2
1237 261 1 1
1237 558 0 2
1237 595 2 0
1237 1069 2 1
1238 494 0 0
1238 544 1 1
1238 959 1 0
1238 1042 1 0
1238 1257 0 2
1239 374 1 0
1239 750 1 0
1239 1158 1 0
1239 1266 2 0
1240 157 0 2
1240 535 2 0
1240 809 1 1
1240 1189 0 2
1241 58 0 0
1241 444 1 1
1241 846 2 2
1241 924 1 0
1241 1206 2 0
1241 1341 0 0
1242 83 2 2
1242 106 2 2
1242 317 1 0
1242 425 1 2
1242 874 1 0
1242 1138 1 2
1242 1324 2 2
1243 75 2 0
1243 238 0 2
1243 299 0 1
1243 635 2 1
1243 732 2 1
1243 918 2 0
1243 1030 2 2
1244 278 1 1
1244 664 0 1
1244 700 1 2
1244 917 2 1
1244 1028 0 1
1244 1254 1 0
1245 320 1 2
1245 683 1 0
1245 1153 2 2
1246 14 1 2
1246 374 2 2
1246 564 2 2
1246 605 2 1
1246 980 1 0
1247 436 1 0
1247 602 0 1
1247 642 1 0
1247 696 0 2
1247 859 2 1
1247 900 1 0
1247 1346 0 1
1248 158 1 1
1248 545 1 2
1248 881 0 1
1248 1148 2 0
1248 1150 0 0
1248 1269 1 2
1248 1272 2 2
1249 417 2 1
1249 474 2 2
1249 541 1 2
1249 788 0 2
1249 1145 1 2
1250 396 1 2
1250 893 0 1
1250 1169 1 1
1250 1316 1 2
1251 274 1 0
1251 678 0 2
1251 1082 0 0
1251 1338 1 0
1251 1344 2 2
1252 138 0 1
1252 217 2 0
1252 576 0 1
1252 973 2 1
1253 414 0 0
1253 513 1 0
1253 677 0 2
1253 1007 0 2
1253 1096 2 2
1253 1370 2 2
1254 32 0 2
1254 398 2 0
1254 471 1 1
1254 820 1 0
1254 1280 2 1
1254 1321 2 1
1255 465 1 2
1255 495 2 1
1255 791 2 0
1255 1075 2 0
1256 485 0 1
1256 604 2 1
1256 980 0 2
1256 995 1 0
1256 1265 2 2
1257 223 1 2
1257 386 0 0
1257 459 2 2
1257 782 0 2
1257 1149 1 2
1257 1292 1 1
1258 299 2 2
1258 339 2 0
1258 775 1 2
1258 919 2 2
1258 1307 1 1
1259 426 0 0
1259 461 2 2
1259 664 0 1
1259 735 0 2
1259 1020 2 0
1259 1209 2 0
1260 33 0 0
1260 305 1 2
1260 745 0 2
1260 1044 1 1
1260 1364 2 2
1261 223 0 1
1261 535 1 1
1261 832 0 1
1261 870 0 0
1261 966 2 0
1261 1174 1 0
1262 315 2 1
1262 792 2 2
1262 1050 2 1
1262 1366 0 0
1263 355 1 2
1263 409 0 0
1263 594 1 2
1263 615 1 1
1263 1108 0 0
1264 192 1 0
1264 365 0 0
1264 609 0 1
1264 799 2 0
1264 970 2 0
1264 1327 0 2
1265 72 1 0
1265 461 1 1
1265 679 1 0
1265 1123 2 2
1266 38 2 1
1266 131 0 1
1266 490 1 1
1266 720 1 2
1266 1071 2 1
1267 189 2 2
1267 668 1 0
1267 708 1 0
1267 858 1 1
1267 1047 2 0
1268 249 1 0
1268 449 1 0
1268 919 2 1
1268 1118 2 0
1269 358 0 1
1269 782 2 1
1269 1169 0 1
1269 1192 1 2
1269 1293 2 1
1270 416 0 0
1270 665 0 1
1270 667 0 2
1270 946 0 2
1270 1042 1 1
1270 1197 2 2
1271 265 0 2
1271 353 2 2
1271 641 1 1
1271 663 1 1
1271 773 0 2
1271 1066 1 1
1271 1316 2 0
1272 497 2 0
1272 719 1 2
1272 722 1 0
1272 884 0 0
1272 1112 1 2
1272 1269 0 0
1272 1338 2 2
1273 118 1 1
1273 260 0 0
1273 628 0 2
1273 800 2 1
1273 843 0 0
1273 869 2 1
1273 1234 1 2
1274 26 0 0
1274 487 2 1
1274 783 1 1
1274 1116 1 2
1274 1189 1 2
1275 320 0 0
1275 473 0 0
1275 860 0 2
1275 1214 2 1
1275 1335 2 1
1276 156 1 2
1276 275 2 1
1276 749 2 2
1276 1232 2 1
1277 132 1 2
1277 196 2 0
1277 410 2 1
1277 455 1 0
1277 797 2 2
1277 866 0 0
1277 1275 2 0
1278 244 0 0
1278 716 0 1
1278 786 0 1
1278 1265 1 1
1278 1368 1 1
1279 458 2 2
1279 554 2 0
1279 961 2 2
1279 1207 0 1
1279 1254 1 0
1280 90 0 2
1280 444 2 0
1280 528 1 1
1280 976 0 0
1280 1219 0 1
1281 187 0 1
1281 656 1 1
1281 1074 2 1
1281 1193 0 1
1282 289 1 0
1282 416 1 2
1282 724 0 2
1282 731 1 2
1282 1225 0 0
1283 31 0 1
1283 311 1 0
1283 391 0 1
1283 761 1 1
1283 1006 1 1
1284 282 2 1
1284 583 0 0
1284 1008 0 1
1284 1072 0 2
1285 390 2 2
1285 537 1 0
1285 802 0 2
1285 1130 2 2
1285 1172 0 1
1286 102 0 1
1286 292 2 1
1286 678 0 1
1286 1019 2 0
1287 340 1 1
1287 808 2 1
1287 920 1 2
1287 1094 0 2
1288 28 1 2
1288 481 1 0
1288 759 2 2
1288 1112 1 2
1289 252 0 2
1289 281 2 0
1289 774 1 0
1289 1233 2 1
1290 474 0 0
1290 911 1 2
1290 1293 2 2
1291 238 2 0
1291 350 2 1
1291 737 0 1
1291 813 2 0
1291 1216 2 1
1292 386 2 2
1292 861 0 2
1292 1175 1 1
1292 1291 0 1
1293 167 0 0
1293 282 1 2
1293 477 1 1
1293 801 2 1
1293 1073 2 0
1294 200 1 2
1294 521 0 1
1294 675 0 2
1294 893 2 2
1294 1231 2 2
1295 408 1 1
1295 532 0 0
1295 692 0 2
1295 714 1 0
1295 1140 1 1
1296 452 1 2
1296 706 1 2
1296 973 1 0
1296 1169 1 2
1297 469 1 1
1297 956 2 2
1298 327 2 0
1298 446 1 2
1298 758 1 1
1298 1120 2 1
1299 112 2 1
1299 582 1 1
1299 720 1 0
1299 1095 2 0
1299 1153 0 0
1299 1249 2 0
1300 227 0 1
1300 354 0 1
1300 576 2 1
1300 684 2 0
1300 706 2 2
1300 721 1 0
1300 822 2 1
1300 950 2 2
1300 1185 1 2
1300 1252 0 0
1301 244 0 1
1301 377 0 2
1301 755 0 1
1301 827 1 2
1301 1180 1 0
1301 1196 1 2
1302 444 1 2
1302 666 1 0
1302 1157 0 2
1303 439 0 1
1303 541 1 1
1303 614 2 1
1303 893 2 1
1303 1040 0 1
1303 1059 2 0
1303 1295 2 0
1303 1320 0 1
1304 128 1 0
1304 211 1 2
1304 302 0 1
1304 700 0 1
1304 1029 2 0
1305 341 1 0
1305 753 1 2
1305 1240 2 2
1306 437 2 2
1306 755 1 0
1306 1130 2 1
1307 387 0 1
1307 401 1 1
1307 878 2 1
1307 1063 1 0
1308 287 0 1
1308 649 0 0
1308 916 1 2
1308 1237 2 2
1309 484 2 2
1309 733 2 1
1309 913 2 2
1309 1057 0 2
1309 1319 2 2
1310 407 2 1
1310 669 1 1
1310 703 2 0
1310 992 2 2
1310 1148 1 0
1310 1259 1 1
1311 254 2 0
1311 619 2 1
1311 663 2 0
1311 1067 0 1
1311 1347 1 0
1312 46 1 2
1312 290 1 1
1312 622 2 0
1312 704 0 1
1312 1013 1 0
1312 1097 1 1
1313 37 0 2
1313 424 2 0
1313 819 2 2
1313 916 0 1
1313 1341 0 0
1313 1347 1 2
1314 35 1 1
1314 290 2 0
1314 605 2 2
1314 944 1 0
1314 1280 1 1
1315 115 2 0
1315 414 1 0
1315 471 1 0
1315 678 1 0
1315 752 2 1
1315 885 0 2
1315 891 0 0
1315 1097 2 0
1315 1193 0 0
1315 1233 1 1
1316 132 2 2
1316 477 2 1
1316 969 0 1
1316 1036 2 2
1317 111 0 2
1317 400 0 0
1317 713 1 1
1317 879 1 0
1317 1261 2 1
1318 84 2 2
1318 534 0 0
1318 619 2 1
1318 1051 2 2
1318 1212 1 2
1319 390 1 1
1319 792 2 2
1319 954 0 0
1319 1182 2 0
1320 301 1 0
1320 724 2 1
1320 1037 1 0
1320 1122 0 0
1321 234 1 1
1321 412 1 1
1321 450 1 2
1321 949 2 0
1321 1271 0 1
1322 407 0 2
1322 726 0 0
1322 907 2 0
1323 198 2 2
1323 571 1 1
1323 655 2 1
1323 926 2 2
1323 1326 0 0
1324 126 2 1
1324 424 0 1
1324 724 2 2
1324 972 2 0
1324 983 0 2
1324 1219 1 1
1325 63 2 0
1325 97 1 1
1325 101 1 0
1325 496 1 1
1325 715 0 2
1325 1170 1 0
1325 1185 2 2
1326 300 0 0
1326 508 2 0
1326 984 1 2
1326 1185 0 2
1327 18 1 2
1327 345 1 2
1327 384 0 1
1327 631 1 1
1327 1048 1 0
1328 197 0 2
1328 343 2 2
1328 464 2 2
1328 777 0 0
1328 907 0 0
1328 1060 1 2
1328 1181 1 0
1328 1271 1 0
1329 153 2 1
1329 534 2 1
1329 797 2 0
1329 1126 2 2
1329 1337 1 1
1330 362 2 2
1330 644 0 0
1330 727 1 2
1330 784 2 0
1330 1103 2 2
1331 138 2 2
1331 241 0 0
1331 588 1 1
1331 625 0 2
1331 938 2 1
1331 1312 2 0
1332 367 0 0
1332 864 0 2
1332 932 2 1
1332 1230 0 1
1333 482 1 0
1333 930 1 2
1333 1326 0 2
1334 351 0 0
1334 626 2 1
1334 760 0 1
1334 1192 2 1
1335 8 1 2
1335 314 2 2
1335 405 1 2
1335 605 2 1
1335 1059 0 2
1335 1163 1 1
1336 328 1 1
1336 537 0 0
1336 1010 1 1
1336 1115 1 2
1337 30 2 2
1337 130 2 0
1337 168 1 1
1337 388 1 1
1337 787 0 2
1337 874 1 1
1337 1231 0 0
1338 307 2 1
1338 555 1 0
1338 605 0 1
1338 907 2 1
1338 1197 2 2
1339 75 2 0
1339 199 0 2
1339 665 2 2
1339 681 2 0
1339 1139 2 0
1340 224 0 0
1340 604 1 0
1340 776 0 0
1340 1069 2 1
1341 268 2 2
1341 349 2 1
1341 546 1 0
1341 789 1 1
1341 815 0 1
1341 962 1 2
1341 1284 0 2
1342 256 2 0
1342 605 1 0
1342 1070 2 1
1342 1228 2 1
1343 453 0 0
1343 918 0 1
1343 952 0 0
1343 1012 1 0
1344 471 0 0
1344 499 0 2
1344 736 2 1
1344 935 1 0
1344 1203 2 2
1344 1285 0 0
1344 1305 0 2
1345 180 1 2
1345 231 1 1
1345 242 0 0
1345 619 0 1
1345 685 2 1
1345 882 2 1
1345 1170 2 1
1345 1314 1 2
1345 1352 0 2
1346 10 0 1
1346 28 1 2
1346 413 2 0
1346 447 1 0
1346 518 0 2
1346 871 2 2
1346 1103 0 2
1346 1338 2 2
1347 7 1 1
1347 503 1 2
1347 514 1 2
1347 1011 2 0
1348 139 2 2
1348 623 0 1
1348 1122 1 0
1349 242 0 0
1349 312 2 1
1349 489 2 0
1349 651 2 0
1349 854 2 1
1349 1332 1 0
1350 454 0 0
1350 653 2 2
1350 1130 0 1
1351 408 0 1
1351 608 1 0
1351 1101 0 0
1351 1258 2 1
1352 143 0 2
1352 603 2 2
1352 897 2 1
1352 1076 1 0
1353 458 2 2
1353 578 0 1
1353 1065 2 1
1353 1263 0 1
1354 298 2 2
1354 428 0 0
1354 552 1 2
1354 679 1 2
1354 1007 2 0
1354 1307 2 1
1355 98 2 0
1355 557 0 1
1355 987 2 0
1355 1203 1 1
1356 462 2 1
1356 643 2 2
1356 913 2 1
1356 957 0 2
1357 153 1 0
1357 519 1 0
1357 888 2 2
1357 1344 2 2
1358 170 1 2
1358 264 1 2
1358 427 1 1
1358 747 0 1
1358 1058 2 0
1358 1359 1 2
1359 20 2 2
1359 426 1 2
1359 623 1 0
1359 847 1 0
1359 1268 2 2
1360 425 2 2
1360 729 2 2
1360 944 0 1
1361 424 0 1
1361 536 2 2
1361 688 2 2
1361 945 1 2
1361 1333 2 1
1362 386 0 1
1362 841 1 2
1362 1285 1 0
1363 172 1 1
1363 358 0 1
1363 650 1 1
1363 1098 1 1
1363 1316 0 2
1364 21 1 2
1364 67 1 0
1364 344 1 0
1364 408 2 0
1364 826 0 2
1364 1046 2 2
1364 1135 1 2
1364 1154 2 2
1364 1370 1 2
1365 357 1 1
1365 475 2 2
1365 530 1 2
1365 1018 2 1
1366 39 2 2
1366 414 0 0
1366 701 0 0
1366 1194 0 2
1367 388 2 2
1367 816 2 2
1367 1078 0 0
1367 1143 0 1
1368 177 1 1
1368 257 1 0
1368 354 1 2
1368 798 1 0
1368 1216 0 2
1369 327 0 2
1369 403 0 1
1369 610 2 1
1369 702 0 1
1369 1128 2 1
1369 1200 1 2
1369 1263 1 2
1370 110 0 0
1370 362 1 0
1370 576 1 1
1370 664 2 0
1370 780 0 1
1370 942 0 1
1370 1244 2 1
1371 186 1 0
1371 255 1 0
1371 715 0 1
1371 856 0 1
1371 1178 0 1
