85
434
0 20 17 16
0 45 12 4
0 64 9 17
0 78 3 3
1 12 15 1
1 29 8 0
1 43 12 15
1 61 12 7
1 66 14 12
1 77 19 14
1 82 5 0
2 12 19 9
2 38 15 0
2 65 16 18
2 71 18 4
2 79 2 1
3 21 13 13
3 50 12 12
3 80 6 1
4 14 0 11
4 36 8 14
4 64 6 11
5 6 15 12
5 21 15 6
5 25 8 13
5 30 15 18
5 57 8 15
5 82 5 6
6 24 19 18
6 43 8 12
6 73 16 6
7 14 9 12
7 41 10 17
7 44 2 1
7 47 13 9
7 61 17 17
7 72 11 4
7 84 3 7
8 19 0 10
8 39 10 0
8 60 6 13
8 65 15 9
9 26 17 16
9 50 14 15
9 70 1 13
10 17 16 11
10 41 19 5
10 47 10 9
10 52 12 5
10 82 6 2
11 23 18 2
11 25 1 9
11 46 17 7
11 66 4 7
11 68 9 13
12 15 0 2
12 38 13 3
12 50 14 5
12 53 17 18
12 62 3 18
13 25 13 18
13 28 14 17
13 48 8 5
13 52 12 10
13 77 5 18
14 25 12 16
14 53 11 14
14 57 5 14
14 70 0 17
15 11 4 15
15 25 7 19
15 45 0 16
15 58 15 15
15 68 17 7
16 13 2 16
16 27 12 9
16 45 7 19
16 54 2 5
16 83 4 15
17 28 16 5
17 48 11 1
17 60 4 18
17 66 10 8
17 79 4 12
18 22 15 2
18 32 16 13
18 45 14 19
18 73 1 10
19 30 0 5
19 39 2 7
19 42 5 19
19 54 16 7
19 60 10 0
19 64 13 9
20 27 12 13
20 50 1 11
20 60 0 13
20 76 2 19
21 19 7 2
21 42 3 8
21 66 5 2
22 17 10 18
22 29 12 14
22 53 15 6
22 75 9 9
23 29 3 18
23 50 3 3
23 58 18 2
23 76 9 2
23 83 9 0
24 9 10 10
24 26 9 5
24 55 19 7
24 71 2 8
24 74 14 0
25 16 2 16
25 38 2 10
25 54 7 11
25 58 3 12
26 13 10 9
26 22 4 5
26 33 18 8
26 48 13 0
26 77 16 2
27 15 18 17
27 41 4 19
27 71 7 16
27 77 17 17
28 14 2 5
28 29 6 13
28 49 14 17
28 76 15 19
28 82 13 7
29 21 16 17
29 40 4 19
29 67 15 8
30 22 17 8
30 43 17 12
30 72 6 15
31 9 16 4
31 19 8 7
31 25 2 9
31 42 12 6
31 57 19 16
32 14 9 12
32 30 17 7
32 38 5 6
32 55 1 4
33 3 15 8
33 18 11 1
33 27 6 18
33 55 3 12
33 59 16 1
33 62 5 13
33 78 4 3
34 5 7 19
34 6 19 12
34 23 11 12
34 24 15 2
34 47 8 17
34 57 1 14
34 68 10 15
34 77 15 18
35 19 19 15
35 31 3 12
35 50 3 14
35 66 1 19
36 24 0 16
36 48 19 4
36 54 0 17
36 60 16 5
36 76 14 15
37 18 11 7
37 42 17 18
37 55 10 7
37 66 4 2
37 70 6 12
37 83 1 15
38 7 12 14
38 33 7 1
38 53 8 19
38 75 17 14
38 83 16 13
39 5 7 11
39 29 9 5
39 59 4 3
39 70 1 10
40 28 1 16
40 49 0 10
40 67 0 6
40 84 13 19
41 30 13 9
41 52 12 12
41 64 18 12
41 66 17 18
41 68 15 4
41 72 14 10
41 79 0 18
42 19 2 13
42 27 15 19
42 35 19 6
42 36 5 15
42 55 0 7
42 63 13 1
42 68 14 9
43 4 9 6
43 28 5 11
43 45 19 17
43 54 0 19
43 79 8 1
44 6 6 13
44 27 4 16
44 35 5 7
44 36 10 11
44 47 19 1
44 73 5 10
45 27 11 13
45 44 10 10
45 68 13 1
45 72 17 8
46 19 9 7
46 32 17 1
46 58 3 13
46 71 18 18
46 73 9 8
47 4 13 4
47 5 9 19
47 17 6 15
47 34 6 13
47 37 3 0
47 40 19 5
47 46 16 5
47 61 18 8
48 27 9 19
48 49 2 11
48 60 16 6
48 70 11 7
48 81 7 13
49 26 8 13
49 41 7 12
49 57 4 8
49 58 16 1
49 70 0 17
50 17 13 6
50 32 11 13
50 43 2 7
50 60 14 10
50 82 0 18
51 21 1 15
51 34 18 1
51 55 11 1
51 77 16 0
52 14 3 4
52 38 8 1
52 62 0 10
53 25 1 3
53 32 10 8
53 49 10 13
53 79 8 1
54 2 18 2
54 31 17 10
54 45 6 2
54 72 2 13
55 29 18 12
55 42 9 13
55 62 4 4
56 7 9 15
56 24 13 2
56 32 13 18
56 43 16 13
56 44 4 3
56 64 8 8
56 77 17 3
57 19 11 0
57 38 7 18
57 67 12 6
57 69 15 10
57 74 1 4
57 78 9 13
58 21 7 12
58 24 9 19
58 40 13 14
58 49 4 0
58 51 15 6
58 70 6 15
59 30 4 1
59 49 7 5
59 62 0 15
59 74 14 11
60 4 7 10
60 29 2 6
60 31 14 19
60 54 16 3
60 74 15 6
60 76 4 15
60 77 5 1
61 9 5 9
61 12 14 2
61 22 6 1
61 45 1 3
61 68 9 9
61 74 19 10
61 78 7 1
62 17 12 10
62 20 7 9
62 34 4 12
62 52 5 16
62 56 8 14
62 82 7 4
63 3 6 11
63 24 1 11
63 29 7 9
63 39 0 2
63 67 14 8
64 18 10 1
64 27 18 10
64 49 19 5
64 51 7 5
64 73 6 4
65 5 12 13
65 9 13 19
65 17 11 12
65 36 19 3
65 66 12 17
65 80 5 1
66 27 14 18
66 35 14 19
66 55 6 18
66 68 4 2
66 75 7 1
67 29 7 3
67 47 16 7
67 56 7 18
67 80 10 17
68 5 1 6
68 12 18 10
68 13 8 2
68 26 17 6
68 39 19 10
68 44 9 17
68 54 8 14
68 76 5 0
69 10 1 12
69 14 19 14
69 24 18 17
69 52 18 1
69 72 0 15
70 2 19 9
70 6 12 12
70 32 17 14
70 46 4 17
70 71 12 0
71 29 1 11
71 55 5 15
71 79 13 9
72 2 2 17
72 6 17 1
72 34 1 13
72 38 7 9
72 49 8 14
72 53 19 2
72 64 5 8
72 73 2 18
73 8 14 8
73 15 9 17
73 18 13 3
73 45 19 13
73 51 14 3
73 55 12 15
73 62 5 9
73 65 9 6
73 69 16 9
73 80 14 5
74 20 11 11
74 45 0 5
74 68 12 13
74 79 8 13
74 83 14 16
75 22 18 10
75 26 11 13
75 47 11 4
75 51 2 13
75 63 1 4
75 64 8 14
75 65 11 12
75 79 19 11
76 3 8 11
76 28 5 12
76 42 8 4
76 57 16 12
76 75 3 1
77 18 14 3
77 26 4 1
77 39 2 4
77 66 1 10
78 1 17 14
78 21 1 19
78 50 1 17
78 56 7 14
78 57 9 16
78 79 12 19
78 83 1 17
79 2 6 7
79 3 19 3
79 22 2 5
79 52 18 14
79 77 9 7
80 3 6 3
80 16 0 4
80 30 4 19
80 51 11 3
80 68 2 15
80 69 1 19
80 83 1 6
81 15 12 5
81 30 7 9
81 47 12 13
81 56 14 17
81 84 14 12
82 8 10 13
82 32 16 15
82 57 16 7
82 71 6 12
83 12 5 0
83 33 19 10
83 36 2 3
83 63 18 1
83 78 6 9
84 12 7 11
84 13 17 2
84 33 12 19
84 54 2 3
84 69 10 5
84 71 18 12
