21
112
1 12 15 1
1 29 8 0
1 43 12 15
1 61 12 7
1 66 14 12
1 77 19 14
1 82 5 0
5 6 15 12
5 21 15 6
5 25 8 13
5 30 15 18
5 57 8 15
5 82 5 6
9 26 17 16
9 50 14 15
9 70 1 13
13 25 13 18
13 28 14 17
13 48 8 5
13 52 12 10
13 77 5 18
17 28 16 5
17 48 11 1
17 60 4 18
17 66 10 8
17 79 4 12
21 19 7 2
21 42 3 8
21 66 5 2
25 16 2 16
25 38 2 10
25 54 7 11
25 58 3 12
29 21 16 17
29 40 4 19
29 67 15 8
33 3 15 8
33 18 11 1
33 27 6 18
33 55 3 12
33 59 16 1
33 62 5 13
33 78 4 3
37 18 11 7
37 42 17 18
37 55 10 7
37 66 4 2
37 70 6 12
37 83 1 15
41 30 13 9
41 52 12 12
41 64 18 12
41 66 17 18
41 68 15 4
41 72 14 10
41 79 0 18
45 27 11 13
45 44 10 10
45 68 13 1
45 72 17 8
49 26 8 13
49 41 7 12
49 57 4 8
49 58 16 1
49 70 0 17
53 25 1 3
53 32 10 8
53 49 10 13
53 79 8 1
57 19 11 0
57 38 7 18
57 67 12 6
57 69 15 10
57 74 1 4
57 78 9 13
61 9 5 9
61 12 14 2
61 22 6 1
61 45 1 3
61 68 9 9
61 74 19 10
61 78 7 1
65 5 12 13
65 9 13 19
65 17 11 12
65 36 19 3
65 66 12 17
65 80 5 1
69 10 1 12
69 14 19 14
69 24 18 17
69 52 18 1
69 72 0 15
73 8 14 8
73 15 9 17
73 18 13 3
73 45 19 13
73 51 14 3
73 55 12 15
73 62 5 9
73 65 9 6
73 69 16 9
73 80 14 5
77 18 14 3
77 26 4 1
77 39 2 4
77 66 1 10
81 15 12 5
81 30 7 9
81 47 12 13
81 56 14 17
81 84 14 12
