21
105
2 12 19 9
2 38 15 0
2 65 16 18
2 71 18 4
2 79 2 1
6 24 19 18
6 43 8 12
6 73 16 6
10 17 16 11
10 41 19 5
10 47 10 9
10 52 12 5
10 82 6 2
14 25 12 16
14 53 11 14
14 57 5 14
14 70 0 17
18 22 15 2
18 32 16 13
18 45 14 19
18 73 1 10
22 17 10 18
22 29 12 14
22 53 15 6
22 75 9 9
26 13 10 9
26 22 4 5
26 33 18 8
26 48 13 0
26 77 16 2
30 22 17 8
30 43 17 12
30 72 6 15
34 5 7 19
34 6 19 12
34 23 11 12
34 24 15 2
34 47 8 17
34 57 1 14
34 68 10 15
34 77 15 18
38 7 12 14
38 33 7 1
38 53 8 19
38 75 17 14
38 83 16 13
42 19 2 13
42 27 15 19
42 35 19 6
42 36 5 15
42 55 0 7
42 63 13 1
42 68 14 9
46 19 9 7
46 32 17 1
46 58 3 13
46 71 18 18
46 73 9 8
50 17 13 6
50 32 11 13
50 43 2 7
50 60 14 10
50 82 0 18
54 2 18 2
54 31 17 10
54 45 6 2
54 72 2 13
58 21 7 12
58 24 9 19
58 40 13 14
58 49 4 0
58 51 15 6
58 70 6 15
62 17 12 10
62 20 7 9
62 34 4 12
62 52 5 16
62 56 8 14
62 82 7 4
66 27 14 18
66 35 14 19
66 55 6 18
66 68 4 2
66 75 7 1
70 2 19 9
70 6 12 12
70 32 17 14
70 46 4 17
70 71 12 0
74 20 11 11
74 45 0 5
74 68 12 13
74 79 8 13
74 83 14 16
78 1 17 14
78 21 1 19
78 50 1 17
78 56 7 14
78 57 9 16
78 79 12 19
78 83 1 17
82 8 10 13
82 32 16 15
82 57 16 7
82 71 6 12
