85
0 3 1 
1 6 1 
2 15 3 
3 2 16 
4 18 13 
5 16 12 
6 6 15 
7 18 10 
8 10 14 
9 18 19 
10 18 19 
11 18 8 
12 0 1 
13 1 8 
14 4 7 
15 19 17 
16 9 2 
17 14 3 
18 0 6 
19 13 6 
20 2 0 
21 18 19 
22 15 17 
23 16 10 
24 6 13 
25 1 8 
26 15 2 
27 8 0 
28 10 16 
29 11 7 
30 17 2 
31 4 13 
32 5 16 
33 9 7 
34 18 10 
35 8 4 
36 7 16 
37 4 16 
38 14 3 
39 2 7 
40 14 15 
41 4 3 
42 3 15 
43 7 9 
44 3 19 
45 10 15 
46 2 1 
47 19 16 
48 1 16 
49 5 8 
50 9 13 
51 8 6 
52 2 3 
53 5 7 
54 19 18 
55 15 9 
56 16 12 
57 15 10 
58 18 17 
59 11 0 
60 1 2 
61 1 15 
62 16 18 
63 3 18 
64 10 12 
65 8 14 
66 1 11 
67 4 12 
68 11 0 
69 4 1 
70 6 10 
71 3 8 
72 13 5 
73 14 5 
74 9 17 
75 15 18 
76 10 2 
77 18 19 
78 6 13 
79 17 19 
80 8 2 
81 0 9 
82 7 2 
83 6 5 
84 6 3 
