8945
0 6 1 
1 4 5 
2 3 4 
3 4 4 
4 6 6 
5 6 3 
6 0 1 
7 0 3 
8 6 6 
9 2 5 
10 4 5 
11 6 6 
12 0 5 
13 2 5 
14 1 5 
15 2 2 
16 2 0 
17 2 5 
18 1 2 
19 4 5 
20 1 2 
21 4 1 
22 0 0 
23 3 5 
24 6 0 
25 5 4 
26 4 5 
27 2 6 
28 3 4 
29 5 3 
30 0 5 
31 3 4 
32 3 4 
33 1 1 
34 6 5 
35 4 2 
36 4 5 
37 2 3 
38 1 2 
39 3 5 
40 1 2 
41 0 5 
42 1 3 
43 5 3 
44 1 5 
45 2 4 
46 6 1 
47 3 3 
48 2 5 
49 0 1 
50 3 2 
51 1 5 
52 1 4 
53 1 3 
54 4 0 
55 4 1 
56 2 3 
57 6 0 
58 2 4 
59 4 5 
60 1 5 
61 2 6 
62 5 3 
63 1 3 
64 3 4 
65 3 2 
66 1 4 
67 4 6 
68 0 0 
69 5 3 
70 4 2 
71 5 0 
72 6 1 
73 0 1 
74 0 4 
75 1 2 
76 3 0 
77 4 4 
78 1 5 
79 6 5 
80 3 0 
81 1 6 
82 0 5 
83 4 1 
84 3 2 
85 4 0 
86 0 5 
87 5 2 
88 6 3 
89 3 2 
90 5 5 
91 1 5 
92 4 5 
93 4 3 
94 3 5 
95 0 6 
96 2 1 
97 1 6 
98 2 0 
99 6 4 
100 0 2 
101 3 3 
102 0 2 
103 5 6 
104 0 4 
105 5 0 
106 1 3 
107 4 0 
108 1 0 
109 6 2 
110 1 2 
111 3 2 
112 4 4 
113 3 3 
114 3 0 
115 4 0 
116 2 2 
117 6 0 
118 2 0 
119 2 6 
120 1 6 
121 2 6 
122 5 5 
123 6 6 
124 6 5 
125 0 1 
126 6 6 
127 2 2 
128 4 3 
129 5 4 
130 4 0 
131 6 1 
132 4 2 
133 5 2 
134 5 0 
135 0 4 
136 3 0 
137 3 6 
138 4 1 
139 1 3 
140 0 1 
141 5 6 
142 0 6 
143 1 0 
144 0 6 
145 4 0 
146 1 4 
147 0 3 
148 5 2 
149 1 5 
150 4 1 
151 0 4 
152 0 3 
153 4 4 
154 2 5 
155 1 1 
156 0 4 
157 2 0 
158 4 2 
159 3 3 
160 4 6 
161 1 1 
162 5 2 
163 4 3 
164 5 5 
165 1 4 
166 3 3 
167 3 6 
168 6 3 
169 3 0 
170 1 4 
171 3 0 
172 3 5 
173 4 4 
174 6 1 
175 4 6 
176 0 4 
177 3 3 
178 2 4 
179 1 5 
180 3 0 
181 3 1 
182 0 3 
183 1 3 
184 1 6 
185 2 3 
186 3 1 
187 1 6 
188 6 4 
189 5 1 
190 5 5 
191 1 5 
192 1 2 
193 3 1 
194 2 0 
195 6 1 
196 5 0 
197 2 3 
198 4 6 
199 2 6 
200 0 2 
201 6 0 
202 4 1 
203 0 5 
204 1 4 
205 6 4 
206 6 5 
207 0 4 
208 1 4 
209 6 2 
210 2 2 
211 5 4 
212 3 1 
213 1 1 
214 0 5 
215 5 3 
216 5 0 
217 3 2 
218 2 4 
219 5 3 
220 0 4 
221 5 1 
222 3 3 
223 5 4 
224 4 2 
225 2 6 
226 1 2 
227 6 6 
228 4 2 
229 3 3 
230 1 5 
231 0 6 
232 1 1 
233 6 2 
234 1 2 
235 0 5 
236 5 1 
237 5 6 
238 0 4 
239 2 2 
240 2 5 
241 0 6 
242 3 6 
243 6 6 
244 4 6 
245 4 4 
246 5 4 
247 6 0 
248 0 0 
249 4 2 
250 2 4 
251 5 1 
252 5 2 
253 2 3 
254 1 0 
255 2 2 
256 5 5 
257 5 2 
258 5 5 
259 0 5 
260 5 5 
261 3 5 
262 6 0 
263 6 6 
264 2 1 
265 0 1 
266 1 3 
267 5 4 
268 1 6 
269 5 3 
270 3 5 
271 2 0 
272 6 2 
273 6 1 
274 2 6 
275 3 6 
276 6 2 
277 3 4 
278 6 0 
279 3 1 
280 4 5 
281 2 2 
282 4 5 
283 5 2 
284 6 4 
285 5 3 
286 5 0 
287 6 6 
288 3 3 
289 2 3 
290 6 1 
291 2 0 
292 1 2 
293 4 3 
294 2 3 
295 6 6 
296 1 1 
297 6 1 
298 4 5 
299 5 3 
300 2 5 
301 2 3 
302 5 1 
303 1 0 
304 4 3 
305 0 0 
306 1 6 
307 3 2 
308 1 2 
309 1 5 
310 0 0 
311 0 3 
312 3 0 
313 2 1 
314 2 4 
315 6 3 
316 4 1 
317 2 1 
318 4 1 
319 1 1 
320 1 0 
321 2 5 
322 6 2 
323 0 3 
324 2 6 
325 2 0 
326 4 1 
327 1 1 
328 5 1 
329 4 0 
330 5 4 
331 3 2 
332 1 5 
333 5 4 
334 0 3 
335 3 2 
336 3 6 
337 3 1 
338 5 5 
339 6 6 
340 2 6 
341 6 6 
342 4 1 
343 2 6 
344 4 6 
345 2 2 
346 1 5 
347 1 5 
348 1 3 
349 2 5 
350 0 5 
351 1 1 
352 6 5 
353 3 4 
354 6 4 
355 6 1 
356 1 1 
357 4 4 
358 6 4 
359 0 3 
360 6 5 
361 3 1 
362 3 5 
363 2 6 
364 5 3 
365 2 6 
366 4 3 
367 0 6 
368 0 0 
369 0 4 
370 0 2 
371 2 1 
372 6 3 
373 1 0 
374 6 1 
375 2 1 
376 1 5 
377 6 1 
378 4 4 
379 0 1 
380 0 0 
381 4 5 
382 6 6 
383 4 4 
384 2 1 
385 6 1 
386 6 4 
387 1 4 
388 3 1 
389 5 3 
390 2 0 
391 6 0 
392 6 1 
393 4 0 
394 6 0 
395 4 6 
396 2 2 
397 2 4 
398 6 1 
399 0 0 
400 3 1 
401 1 0 
402 4 5 
403 5 4 
404 4 0 
405 4 1 
406 3 6 
407 3 1 
408 5 1 
409 2 5 
410 4 3 
411 6 0 
412 6 0 
413 3 4 
414 3 3 
415 4 6 
416 2 2 
417 2 4 
418 3 0 
419 4 5 
420 6 4 
421 0 0 
422 6 1 
423 5 3 
424 1 0 
425 4 0 
426 1 2 
427 3 5 
428 2 6 
429 4 1 
430 1 2 
431 5 6 
432 5 1 
433 1 5 
434 1 6 
435 0 1 
436 3 2 
437 5 0 
438 1 2 
439 5 5 
440 2 4 
441 4 5 
442 2 0 
443 2 5 
444 0 6 
445 5 3 
446 6 1 
447 5 2 
448 5 4 
449 6 5 
450 4 2 
451 2 6 
452 6 2 
453 1 5 
454 3 4 
455 2 6 
456 1 1 
457 6 6 
458 2 1 
459 4 6 
460 0 1 
461 2 2 
462 0 5 
463 0 0 
464 4 4 
465 2 4 
466 1 6 
467 6 3 
468 5 2 
469 2 4 
470 3 2 
471 2 4 
472 1 6 
473 5 6 
474 2 5 
475 1 4 
476 5 4 
477 1 4 
478 5 0 
479 1 0 
480 4 0 
481 1 2 
482 6 5 
483 2 1 
484 1 6 
485 6 3 
486 0 3 
487 1 6 
488 5 6 
489 2 3 
490 0 3 
491 4 2 
492 0 2 
493 2 3 
494 0 3 
495 0 0 
496 3 1 
497 4 3 
498 4 0 
499 5 4 
500 2 2 
501 1 0 
502 4 0 
503 4 1 
504 0 0 
505 2 4 
506 4 3 
507 6 4 
508 6 5 
509 0 5 
510 5 4 
511 2 3 
512 3 6 
513 1 1 
514 2 1 
515 2 5 
516 4 1 
517 0 3 
518 0 6 
519 5 3 
520 0 6 
521 4 1 
522 0 2 
523 2 2 
524 0 4 
525 4 3 
526 4 3 
527 5 6 
528 4 0 
529 1 2 
530 2 6 
531 6 2 
532 6 0 
533 4 4 
534 3 0 
535 2 4 
536 3 3 
537 3 0 
538 5 5 
539 1 6 
540 0 4 
541 1 0 
542 6 6 
543 4 4 
544 1 5 
545 3 2 
546 5 3 
547 2 3 
548 5 0 
549 1 2 
550 2 2 
551 1 6 
552 0 1 
553 4 2 
554 2 5 
555 6 3 
556 4 6 
557 4 6 
558 6 3 
559 1 0 
560 6 0 
561 5 2 
562 3 6 
563 1 5 
564 6 4 
565 5 6 
566 1 6 
567 2 3 
568 4 5 
569 3 4 
570 3 0 
571 0 6 
572 4 3 
573 4 4 
574 1 6 
575 6 3 
576 6 1 
577 3 6 
578 0 5 
579 0 2 
580 1 1 
581 2 5 
582 6 2 
583 0 3 
584 1 3 
585 0 2 
586 4 2 
587 5 2 
588 6 6 
589 3 4 
590 6 3 
591 4 6 
592 0 0 
593 1 0 
594 2 5 
595 1 6 
596 3 2 
597 0 4 
598 5 2 
599 5 3 
600 4 5 
601 1 6 
602 5 2 
603 2 1 
604 5 6 
605 0 5 
606 1 1 
607 1 6 
608 4 4 
609 5 3 
610 0 0 
611 6 2 
612 6 1 
613 5 5 
614 1 6 
615 2 3 
616 3 0 
617 0 5 
618 1 1 
619 1 4 
620 0 1 
621 2 3 
622 4 0 
623 4 3 
624 6 0 
625 4 3 
626 4 3 
627 2 2 
628 2 5 
629 2 4 
630 2 2 
631 5 6 
632 4 1 
633 1 5 
634 6 0 
635 3 5 
636 6 3 
637 2 6 
638 1 4 
639 0 1 
640 1 4 
641 5 5 
642 6 3 
643 4 6 
644 3 1 
645 5 0 
646 0 5 
647 4 0 
648 2 4 
649 5 4 
650 5 4 
651 4 0 
652 6 1 
653 6 3 
654 6 6 
655 1 6 
656 2 4 
657 0 3 
658 3 5 
659 3 1 
660 3 0 
661 2 1 
662 3 5 
663 1 3 
664 1 5 
665 1 0 
666 1 1 
667 5 6 
668 3 0 
669 5 3 
670 3 6 
671 3 4 
672 0 1 
673 1 4 
674 1 0 
675 0 3 
676 2 5 
677 6 5 
678 4 2 
679 3 6 
680 3 1 
681 3 1 
682 5 2 
683 0 5 
684 2 4 
685 0 3 
686 0 1 
687 4 6 
688 1 6 
689 1 2 
690 1 6 
691 5 0 
692 0 4 
693 4 2 
694 3 5 
695 4 6 
696 1 6 
697 2 4 
698 3 3 
699 2 6 
700 1 6 
701 5 6 
702 4 2 
703 2 1 
704 1 1 
705 5 1 
706 4 1 
707 1 1 
708 3 5 
709 0 1 
710 6 2 
711 5 3 
712 4 6 
713 1 3 
714 4 2 
715 6 4 
716 5 2 
717 4 5 
718 4 0 
719 2 1 
720 5 0 
721 5 4 
722 6 6 
723 1 0 
724 1 0 
725 2 5 
726 5 1 
727 6 3 
728 6 5 
729 2 5 
730 6 4 
731 6 5 
732 4 0 
733 3 1 
734 1 5 
735 4 2 
736 5 0 
737 4 6 
738 2 2 
739 2 2 
740 6 1 
741 6 5 
742 5 5 
743 1 3 
744 6 2 
745 0 4 
746 1 0 
747 1 5 
748 6 0 
749 2 0 
750 0 4 
751 1 3 
752 2 6 
753 1 1 
754 5 0 
755 6 4 
756 1 3 
757 5 6 
758 1 0 
759 2 5 
760 3 0 
761 2 6 
762 6 4 
763 1 5 
764 6 1 
765 0 4 
766 2 0 
767 1 0 
768 2 1 
769 1 4 
770 3 6 
771 3 6 
772 1 2 
773 5 5 
774 2 4 
775 1 6 
776 0 4 
777 5 1 
778 3 2 
779 4 0 
780 6 0 
781 0 0 
782 4 1 
783 5 3 
784 1 0 
785 3 3 
786 3 4 
787 2 6 
788 6 6 
789 3 3 
790 5 6 
791 5 6 
792 4 5 
793 6 2 
794 3 0 
795 4 3 
796 1 5 
797 5 3 
798 2 0 
799 1 5 
800 3 4 
801 1 2 
802 4 4 
803 2 6 
804 1 5 
805 6 0 
806 6 1 
807 4 6 
808 1 5 
809 4 3 
810 4 4 
811 2 5 
812 4 0 
813 6 2 
814 5 2 
815 0 2 
816 6 0 
817 3 3 
818 1 6 
819 0 4 
820 5 2 
821 5 6 
822 0 0 
823 6 1 
824 4 2 
825 3 5 
826 4 0 
827 5 2 
828 2 2 
829 3 3 
830 4 6 
831 0 0 
832 4 5 
833 4 5 
834 3 3 
835 0 2 
836 4 0 
837 0 3 
838 6 5 
839 4 6 
840 1 6 
841 6 5 
842 4 4 
843 6 5 
844 3 5 
845 0 6 
846 6 3 
847 6 2 
848 5 2 
849 2 4 
850 2 3 
851 4 3 
852 4 6 
853 3 6 
854 5 4 
855 0 3 
856 2 6 
857 6 0 
858 3 6 
859 0 2 
860 4 4 
861 3 0 
862 3 4 
863 4 6 
864 4 5 
865 1 3 
866 6 6 
867 0 3 
868 5 3 
869 5 4 
870 4 6 
871 2 2 
872 1 1 
873 6 4 
874 4 1 
875 5 5 
876 1 2 
877 2 4 
878 2 3 
879 2 4 
880 5 5 
881 3 2 
882 4 5 
883 6 0 
884 1 6 
885 0 3 
886 3 6 
887 6 6 
888 1 3 
889 5 6 
890 1 0 
891 4 2 
892 2 5 
893 3 3 
894 1 1 
895 3 0 
896 4 1 
897 4 4 
898 6 5 
899 0 1 
900 4 4 
901 4 0 
902 0 6 
903 0 3 
904 6 3 
905 4 2 
906 0 6 
907 6 5 
908 2 3 
909 5 0 
910 3 2 
911 5 6 
912 0 1 
913 5 4 
914 3 2 
915 6 1 
916 3 1 
917 1 2 
918 5 2 
919 2 1 
920 1 5 
921 6 6 
922 1 4 
923 1 3 
924 0 6 
925 4 5 
926 2 3 
927 2 5 
928 5 6 
929 1 0 
930 0 2 
931 0 4 
932 4 5 
933 5 5 
934 2 6 
935 3 0 
936 6 3 
937 5 2 
938 6 6 
939 1 5 
940 3 4 
941 1 6 
942 2 2 
943 1 6 
944 4 0 
945 3 1 
946 3 4 
947 1 6 
948 2 2 
949 4 3 
950 2 3 
951 4 3 
952 5 2 
953 3 0 
954 0 2 
955 4 2 
956 3 3 
957 6 4 
958 2 6 
959 2 4 
960 6 6 
961 3 1 
962 4 1 
963 4 4 
964 4 2 
965 2 2 
966 3 5 
967 6 4 
968 2 1 
969 0 1 
970 6 1 
971 5 5 
972 5 1 
973 6 3 
974 6 0 
975 3 6 
976 4 0 
977 0 0 
978 0 0 
979 1 5 
980 4 6 
981 4 0 
982 6 4 
983 2 2 
984 4 3 
985 0 0 
986 0 6 
987 4 3 
988 1 6 
989 1 6 
990 4 3 
991 6 2 
992 2 6 
993 6 6 
994 1 3 
995 2 0 
996 0 1 
997 2 3 
998 5 0 
999 3 4 
1000 3 0 
1001 4 5 
1002 6 5 
1003 4 3 
1004 2 4 
1005 2 2 
1006 5 2 
1007 5 2 
1008 4 1 
1009 6 4 
1010 1 1 
1011 5 4 
1012 6 5 
1013 4 3 
1014 0 2 
1015 4 3 
1016 1 4 
1017 3 6 
1018 1 0 
1019 1 0 
1020 6 0 
1021 5 0 
1022 5 5 
1023 1 1 
1024 1 2 
1025 5 2 
1026 4 5 
1027 5 1 
1028 6 4 
1029 2 4 
1030 5 1 
1031 4 4 
1032 2 0 
1033 3 4 
1034 6 4 
1035 3 1 
1036 6 6 
1037 3 4 
1038 4 4 
1039 4 1 
1040 0 6 
1041 4 3 
1042 6 5 
1043 5 2 
1044 3 6 
1045 1 5 
1046 6 2 
1047 4 1 
1048 6 5 
1049 1 4 
1050 6 1 
1051 4 6 
1052 3 0 
1053 5 5 
1054 5 2 
1055 6 0 
1056 0 1 
1057 3 5 
1058 6 2 
1059 1 2 
1060 5 5 
1061 6 2 
1062 5 4 
1063 0 5 
1064 0 5 
1065 2 4 
1066 3 3 
1067 1 2 
1068 6 1 
1069 3 1 
1070 3 5 
1071 2 2 
1072 3 1 
1073 0 6 
1074 0 2 
1075 0 0 
1076 0 2 
1077 3 5 
1078 2 4 
1079 6 5 
1080 5 4 
1081 0 1 
1082 3 5 
1083 6 5 
1084 2 0 
1085 6 5 
1086 2 6 
1087 1 4 
1088 0 2 
1089 0 4 
1090 4 4 
1091 4 1 
1092 4 2 
1093 3 2 
1094 4 3 
1095 2 0 
1096 5 2 
1097 6 1 
1098 2 0 
1099 6 2 
1100 1 4 
1101 0 2 
1102 6 2 
1103 3 3 
1104 1 0 
1105 6 6 
1106 1 0 
1107 1 1 
1108 1 5 
1109 6 6 
1110 5 5 
1111 5 5 
1112 4 3 
1113 3 6 
1114 2 6 
1115 4 5 
1116 2 4 
1117 0 6 
1118 0 5 
1119 5 1 
1120 2 4 
1121 3 3 
1122 0 4 
1123 3 4 
1124 1 5 
1125 3 3 
1126 4 0 
1127 1 5 
1128 3 6 
1129 0 6 
1130 3 4 
1131 1 0 
1132 6 4 
1133 0 3 
1134 0 0 
1135 4 3 
1136 6 6 
1137 2 5 
1138 3 2 
1139 0 5 
1140 6 1 
1141 0 6 
1142 3 5 
1143 2 3 
1144 3 3 
1145 1 5 
1146 6 1 
1147 1 0 
1148 3 6 
1149 0 5 
1150 0 3 
1151 1 6 
1152 3 1 
1153 5 5 
1154 0 5 
1155 3 3 
1156 3 0 
1157 2 6 
1158 6 0 
1159 0 6 
1160 6 3 
1161 2 6 
1162 5 2 
1163 1 0 
1164 5 3 
1165 4 4 
1166 1 6 
1167 0 1 
1168 6 2 
1169 1 2 
1170 3 1 
1171 6 6 
1172 4 4 
1173 5 3 
1174 0 5 
1175 4 3 
1176 1 6 
1177 4 2 
1178 2 2 
1179 1 5 
1180 1 6 
1181 6 4 
1182 5 1 
1183 4 2 
1184 3 5 
1185 2 6 
1186 1 5 
1187 1 1 
1188 6 3 
1189 3 3 
1190 6 0 
1191 1 2 
1192 6 4 
1193 6 3 
1194 1 0 
1195 2 4 
1196 6 0 
1197 0 4 
1198 6 4 
1199 6 3 
1200 6 2 
1201 1 3 
1202 2 2 
1203 1 4 
1204 1 4 
1205 2 4 
1206 1 0 
1207 5 2 
1208 2 0 
1209 3 0 
1210 4 2 
1211 4 6 
1212 1 0 
1213 0 1 
1214 4 6 
1215 3 6 
1216 2 0 
1217 6 0 
1218 6 0 
1219 0 6 
1220 0 5 
1221 0 5 
1222 1 0 
1223 6 3 
1224 2 1 
1225 3 4 
1226 6 6 
1227 0 3 
1228 2 4 
1229 4 4 
1230 1 6 
1231 5 3 
1232 2 1 
1233 6 0 
1234 3 1 
1235 2 2 
1236 3 2 
1237 3 6 
1238 1 5 
1239 1 4 
1240 1 0 
1241 6 3 
1242 2 5 
1243 3 2 
1244 0 0 
1245 6 5 
1246 3 1 
1247 6 3 
1248 0 0 
1249 2 1 
1250 6 2 
1251 6 0 
1252 6 6 
1253 6 3 
1254 0 2 
1255 3 1 
1256 4 5 
1257 2 0 
1258 1 5 
1259 5 1 
1260 3 3 
1261 3 0 
1262 4 3 
1263 5 3 
1264 6 5 
1265 0 4 
1266 3 4 
1267 4 5 
1268 4 0 
1269 2 4 
1270 3 2 
1271 5 1 
1272 0 2 
1273 4 0 
1274 5 2 
1275 3 6 
1276 2 3 
1277 6 1 
1278 6 4 
1279 4 1 
1280 3 5 
1281 4 5 
1282 5 0 
1283 1 4 
1284 2 1 
1285 3 0 
1286 0 2 
1287 2 4 
1288 2 6 
1289 6 4 
1290 5 2 
1291 2 0 
1292 2 0 
1293 5 1 
1294 0 0 
1295 0 5 
1296 5 6 
1297 0 4 
1298 3 5 
1299 1 3 
1300 3 6 
1301 0 6 
1302 3 2 
1303 6 0 
1304 5 3 
1305 3 1 
1306 6 3 
1307 1 6 
1308 4 5 
1309 5 3 
1310 1 6 
1311 1 1 
1312 0 3 
1313 6 6 
1314 6 6 
1315 4 3 
1316 6 2 
1317 6 1 
1318 0 1 
1319 6 4 
1320 6 0 
1321 6 6 
1322 4 5 
1323 5 6 
1324 2 2 
1325 4 0 
1326 2 2 
1327 6 5 
1328 6 5 
1329 1 0 
1330 5 2 
1331 4 2 
1332 2 2 
1333 3 1 
1334 3 1 
1335 2 6 
1336 0 3 
1337 2 4 
1338 2 6 
1339 6 2 
1340 4 3 
1341 1 4 
1342 3 2 
1343 1 0 
1344 6 6 
1345 0 4 
1346 4 2 
1347 2 3 
1348 0 5 
1349 0 6 
1350 0 3 
1351 3 5 
1352 3 3 
1353 0 5 
1354 2 5 
1355 0 5 
1356 5 6 
1357 6 6 
1358 4 2 
1359 5 5 
1360 4 1 
1361 2 0 
1362 2 1 
1363 5 2 
1364 0 1 
1365 1 4 
1366 0 4 
1367 3 4 
1368 3 3 
1369 1 4 
1370 4 0 
1371 5 0 
1372 2 1 
1373 3 1 
1374 2 4 
1375 2 6 
1376 1 1 
1377 5 1 
1378 3 0 
1379 4 6 
1380 2 1 
1381 3 2 
1382 5 4 
1383 4 6 
1384 1 5 
1385 2 3 
1386 1 1 
1387 2 6 
1388 3 5 
1389 0 6 
1390 2 5 
1391 2 3 
1392 5 1 
1393 0 2 
1394 6 0 
1395 3 1 
1396 6 3 
1397 1 3 
1398 6 1 
1399 2 1 
1400 5 4 
1401 5 2 
1402 2 5 
1403 0 6 
1404 3 6 
1405 2 5 
1406 5 4 
1407 3 1 
1408 3 5 
1409 6 6 
1410 5 4 
1411 4 2 
1412 3 6 
1413 2 2 
1414 1 6 
1415 3 5 
1416 2 0 
1417 1 5 
1418 3 5 
1419 1 1 
1420 5 1 
1421 6 6 
1422 4 3 
1423 5 0 
1424 2 3 
1425 0 1 
1426 6 0 
1427 2 6 
1428 6 6 
1429 5 1 
1430 0 0 
1431 3 0 
1432 0 5 
1433 3 5 
1434 4 3 
1435 1 2 
1436 0 1 
1437 3 4 
1438 1 2 
1439 5 6 
1440 6 0 
1441 4 5 
1442 4 1 
1443 4 4 
1444 5 1 
1445 2 4 
1446 2 5 
1447 0 1 
1448 6 4 
1449 2 4 
1450 0 3 
1451 5 6 
1452 5 2 
1453 5 1 
1454 1 1 
1455 0 6 
1456 3 0 
1457 1 6 
1458 2 6 
1459 2 2 
1460 0 5 
1461 3 3 
1462 6 6 
1463 3 2 
1464 0 2 
1465 6 4 
1466 4 6 
1467 6 5 
1468 0 1 
1469 5 2 
1470 0 5 
1471 5 5 
1472 5 3 
1473 4 6 
1474 5 4 
1475 6 0 
1476 6 5 
1477 2 3 
1478 1 6 
1479 2 6 
1480 3 0 
1481 2 3 
1482 0 0 
1483 3 4 
1484 3 0 
1485 2 6 
1486 1 4 
1487 1 3 
1488 1 1 
1489 0 0 
1490 3 2 
1491 3 0 
1492 0 1 
1493 2 4 
1494 2 5 
1495 5 2 
1496 5 0 
1497 5 2 
1498 1 6 
1499 4 3 
1500 2 3 
1501 3 1 
1502 1 5 
1503 2 6 
1504 6 4 
1505 2 3 
1506 4 6 
1507 6 6 
1508 5 1 
1509 4 4 
1510 2 5 
1511 2 0 
1512 6 2 
1513 3 5 
1514 1 5 
1515 1 2 
1516 1 1 
1517 5 0 
1518 4 2 
1519 1 1 
1520 3 0 
1521 6 3 
1522 2 2 
1523 0 4 
1524 3 5 
1525 2 6 
1526 3 0 
1527 2 1 
1528 4 3 
1529 6 5 
1530 2 2 
1531 2 4 
1532 4 6 
1533 3 4 
1534 6 4 
1535 3 2 
1536 3 0 
1537 0 3 
1538 0 3 
1539 0 0 
1540 1 1 
1541 0 5 
1542 3 0 
1543 3 2 
1544 5 0 
1545 6 1 
1546 4 4 
1547 0 6 
1548 5 2 
1549 6 1 
1550 6 0 
1551 0 5 
1552 5 2 
1553 2 3 
1554 6 1 
1555 1 0 
1556 1 0 
1557 5 6 
1558 5 3 
1559 0 2 
1560 0 4 
1561 3 6 
1562 2 5 
1563 4 3 
1564 0 4 
1565 1 3 
1566 5 2 
1567 0 1 
1568 0 5 
1569 3 0 
1570 3 5 
1571 5 5 
1572 6 1 
1573 4 0 
1574 2 4 
1575 4 6 
1576 5 1 
1577 5 3 
1578 5 1 
1579 0 1 
1580 2 6 
1581 2 2 
1582 5 3 
1583 2 6 
1584 1 0 
1585 3 2 
1586 5 3 
1587 6 0 
1588 0 1 
1589 1 5 
1590 0 2 
1591 4 4 
1592 3 3 
1593 4 1 
1594 2 6 
1595 0 1 
1596 0 4 
1597 6 1 
1598 1 6 
1599 4 4 
1600 6 2 
1601 6 2 
1602 0 4 
1603 5 0 
1604 5 5 
1605 3 3 
1606 6 2 
1607 3 4 
1608 6 5 
1609 4 0 
1610 2 2 
1611 3 6 
1612 1 0 
1613 1 6 
1614 6 0 
1615 3 0 
1616 5 2 
1617 1 1 
1618 1 0 
1619 6 2 
1620 1 3 
1621 1 4 
1622 4 2 
1623 0 3 
1624 3 3 
1625 0 0 
1626 5 5 
1627 6 1 
1628 6 6 
1629 6 0 
1630 1 2 
1631 4 5 
1632 4 0 
1633 1 3 
1634 2 0 
1635 0 5 
1636 1 1 
1637 5 1 
1638 1 4 
1639 3 3 
1640 2 3 
1641 2 4 
1642 0 2 
1643 1 5 
1644 4 6 
1645 2 6 
1646 4 1 
1647 6 1 
1648 6 2 
1649 3 2 
1650 2 4 
1651 6 4 
1652 0 5 
1653 5 3 
1654 4 3 
1655 5 0 
1656 3 5 
1657 6 3 
1658 6 6 
1659 4 5 
1660 2 3 
1661 6 5 
1662 4 4 
1663 4 5 
1664 4 4 
1665 3 5 
1666 3 6 
1667 4 6 
1668 5 3 
1669 6 3 
1670 4 4 
1671 1 3 
1672 0 0 
1673 6 4 
1674 4 0 
1675 5 1 
1676 5 6 
1677 2 0 
1678 2 2 
1679 3 6 
1680 1 6 
1681 4 6 
1682 0 1 
1683 0 4 
1684 0 0 
1685 6 2 
1686 1 3 
1687 0 4 
1688 2 5 
1689 1 3 
1690 1 0 
1691 3 1 
1692 3 2 
1693 3 6 
1694 2 1 
1695 3 2 
1696 1 0 
1697 2 4 
1698 5 4 
1699 3 2 
1700 2 0 
1701 1 1 
1702 4 0 
1703 3 6 
1704 6 1 
1705 2 5 
1706 0 4 
1707 3 0 
1708 1 2 
1709 4 1 
1710 0 0 
1711 5 0 
1712 6 0 
1713 2 4 
1714 4 1 
1715 4 0 
1716 0 2 
1717 3 6 
1718 1 5 
1719 1 1 
1720 3 5 
1721 2 1 
1722 0 0 
1723 2 0 
1724 4 5 
1725 0 1 
1726 6 6 
1727 5 0 
1728 6 4 
1729 4 1 
1730 6 3 
1731 2 2 
1732 6 0 
1733 2 4 
1734 0 1 
1735 4 2 
1736 1 4 
1737 6 3 
1738 1 2 
1739 1 3 
1740 2 0 
1741 5 4 
1742 0 3 
1743 4 5 
1744 2 2 
1745 4 3 
1746 2 0 
1747 2 3 
1748 1 5 
1749 3 4 
1750 5 4 
1751 4 6 
1752 0 1 
1753 6 2 
1754 5 1 
1755 4 3 
1756 3 1 
1757 4 5 
1758 0 0 
1759 2 4 
1760 5 3 
1761 4 6 
1762 1 6 
1763 4 4 
1764 4 0 
1765 1 0 
1766 1 5 
1767 5 6 
1768 5 6 
1769 3 5 
1770 6 1 
1771 1 0 
1772 3 4 
1773 0 3 
1774 5 2 
1775 4 5 
1776 3 0 
1777 5 6 
1778 0 6 
1779 6 4 
1780 2 6 
1781 2 4 
1782 4 0 
1783 1 6 
1784 1 5 
1785 4 1 
1786 2 2 
1787 3 5 
1788 3 5 
1789 5 0 
1790 2 0 
1791 1 1 
1792 1 3 
1793 5 0 
1794 6 2 
1795 2 5 
1796 5 1 
1797 0 2 
1798 3 5 
1799 4 4 
1800 1 5 
1801 0 1 
1802 6 2 
1803 4 1 
1804 4 6 
1805 6 2 
1806 5 6 
1807 2 1 
1808 2 4 
1809 0 5 
1810 3 5 
1811 2 2 
1812 4 4 
1813 3 4 
1814 4 4 
1815 3 2 
1816 4 0 
1817 4 5 
1818 3 4 
1819 3 3 
1820 1 2 
1821 1 3 
1822 4 4 
1823 4 4 
1824 3 6 
1825 3 6 
1826 6 4 
1827 4 2 
1828 5 5 
1829 4 2 
1830 3 0 
1831 6 0 
1832 3 0 
1833 3 6 
1834 5 1 
1835 0 4 
1836 2 5 
1837 5 0 
1838 0 0 
1839 1 1 
1840 5 4 
1841 0 1 
1842 0 6 
1843 2 2 
1844 6 6 
1845 3 4 
1846 1 6 
1847 1 5 
1848 2 2 
1849 1 1 
1850 3 0 
1851 5 0 
1852 1 1 
1853 6 4 
1854 2 4 
1855 6 5 
1856 3 0 
1857 3 2 
1858 5 4 
1859 2 6 
1860 1 5 
1861 3 0 
1862 3 1 
1863 6 5 
1864 1 4 
1865 0 6 
1866 0 5 
1867 1 5 
1868 2 0 
1869 6 2 
1870 4 1 
1871 5 4 
1872 6 1 
1873 5 0 
1874 6 2 
1875 3 4 
1876 2 5 
1877 4 0 
1878 4 4 
1879 3 4 
1880 5 1 
1881 0 6 
1882 1 6 
1883 5 3 
1884 0 5 
1885 4 1 
1886 5 3 
1887 1 6 
1888 5 6 
1889 4 0 
1890 5 3 
1891 0 3 
1892 6 5 
1893 6 3 
1894 3 6 
1895 5 2 
1896 4 3 
1897 0 5 
1898 4 5 
1899 0 2 
1900 3 6 
1901 1 0 
1902 0 3 
1903 1 1 
1904 6 5 
1905 3 5 
1906 2 6 
1907 5 3 
1908 1 6 
1909 0 2 
1910 3 3 
1911 1 5 
1912 1 3 
1913 2 4 
1914 0 1 
1915 3 4 
1916 5 6 
1917 3 1 
1918 2 0 
1919 3 2 
1920 4 6 
1921 3 5 
1922 5 3 
1923 6 0 
1924 2 6 
1925 1 0 
1926 5 6 
1927 2 4 
1928 1 0 
1929 3 4 
1930 5 4 
1931 0 5 
1932 5 3 
1933 6 0 
1934 3 1 
1935 0 2 
1936 6 0 
1937 2 0 
1938 6 4 
1939 3 6 
1940 2 3 
1941 0 3 
1942 6 5 
1943 4 2 
1944 0 4 
1945 0 0 
1946 0 3 
1947 6 3 
1948 1 0 
1949 0 2 
1950 3 3 
1951 5 1 
1952 2 1 
1953 5 3 
1954 0 4 
1955 1 5 
1956 3 1 
1957 0 3 
1958 0 0 
1959 1 5 
1960 1 6 
1961 5 3 
1962 6 3 
1963 6 3 
1964 6 2 
1965 1 4 
1966 5 4 
1967 5 0 
1968 1 3 
1969 6 5 
1970 2 5 
1971 6 5 
1972 3 0 
1973 6 0 
1974 4 5 
1975 4 2 
1976 4 0 
1977 3 2 
1978 3 3 
1979 5 0 
1980 4 1 
1981 5 6 
1982 3 3 
1983 6 0 
1984 4 3 
1985 4 6 
1986 0 6 
1987 1 4 
1988 6 1 
1989 3 5 
1990 0 6 
1991 2 5 
1992 1 4 
1993 1 4 
1994 0 4 
1995 0 2 
1996 5 4 
1997 6 1 
1998 0 5 
1999 4 0 
2000 0 5 
2001 2 1 
2002 4 6 
2003 2 6 
2004 0 5 
2005 4 6 
2006 1 4 
2007 2 6 
2008 5 1 
2009 2 2 
2010 0 2 
2011 1 5 
2012 3 2 
2013 5 6 
2014 3 3 
2015 0 1 
2016 3 1 
2017 0 6 
2018 3 4 
2019 0 6 
2020 3 6 
2021 6 1 
2022 2 4 
2023 1 2 
2024 4 0 
2025 0 0 
2026 6 0 
2027 1 2 
2028 6 5 
2029 6 0 
2030 2 6 
2031 0 1 
2032 4 5 
2033 0 5 
2034 0 4 
2035 5 2 
2036 6 5 
2037 2 4 
2038 4 0 
2039 4 1 
2040 5 4 
2041 0 5 
2042 6 3 
2043 3 1 
2044 6 6 
2045 3 5 
2046 6 5 
2047 1 3 
2048 4 2 
2049 4 0 
2050 4 2 
2051 5 0 
2052 1 5 
2053 2 5 
2054 1 3 
2055 5 5 
2056 4 3 
2057 0 2 
2058 6 1 
2059 2 0 
2060 1 5 
2061 1 0 
2062 5 2 
2063 3 6 
2064 3 4 
2065 5 2 
2066 0 0 
2067 6 1 
2068 4 2 
2069 0 6 
2070 5 0 
2071 6 0 
2072 5 1 
2073 0 4 
2074 6 1 
2075 4 5 
2076 1 3 
2077 5 0 
2078 4 3 
2079 1 4 
2080 1 4 
2081 2 2 
2082 3 6 
2083 2 3 
2084 5 4 
2085 0 4 
2086 4 1 
2087 4 0 
2088 5 5 
2089 0 6 
2090 0 5 
2091 6 3 
2092 5 1 
2093 4 2 
2094 6 3 
2095 4 4 
2096 0 5 
2097 2 3 
2098 6 1 
2099 2 2 
2100 1 6 
2101 3 0 
2102 4 4 
2103 5 5 
2104 1 5 
2105 5 5 
2106 2 0 
2107 2 6 
2108 3 2 
2109 4 5 
2110 2 2 
2111 6 1 
2112 6 1 
2113 6 1 
2114 0 4 
2115 2 3 
2116 1 1 
2117 0 4 
2118 5 1 
2119 6 6 
2120 0 1 
2121 4 6 
2122 3 4 
2123 1 4 
2124 0 3 
2125 5 3 
2126 1 1 
2127 0 6 
2128 1 6 
2129 1 1 
2130 2 5 
2131 6 3 
2132 0 0 
2133 3 4 
2134 0 2 
2135 4 5 
2136 3 4 
2137 2 6 
2138 5 5 
2139 5 4 
2140 1 0 
2141 1 5 
2142 2 0 
2143 0 2 
2144 2 4 
2145 1 4 
2146 5 3 
2147 3 1 
2148 6 5 
2149 5 2 
2150 6 2 
2151 4 6 
2152 0 0 
2153 4 2 
2154 2 5 
2155 4 1 
2156 4 0 
2157 2 1 
2158 6 3 
2159 6 5 
2160 3 0 
2161 6 6 
2162 5 1 
2163 1 3 
2164 0 0 
2165 5 2 
2166 2 2 
2167 6 3 
2168 0 2 
2169 2 4 
2170 6 5 
2171 6 1 
2172 0 6 
2173 5 2 
2174 1 4 
2175 4 2 
2176 0 0 
2177 4 0 
2178 0 0 
2179 3 0 
2180 1 0 
2181 2 0 
2182 5 6 
2183 3 5 
2184 3 6 
2185 6 1 
2186 5 6 
2187 0 0 
2188 6 5 
2189 4 0 
2190 5 4 
2191 4 2 
2192 4 2 
2193 6 4 
2194 2 6 
2195 6 2 
2196 4 5 
2197 3 3 
2198 3 1 
2199 2 1 
2200 4 4 
2201 3 3 
2202 5 2 
2203 5 2 
2204 1 2 
2205 3 0 
2206 2 6 
2207 0 0 
2208 2 4 
2209 4 2 
2210 1 3 
2211 2 1 
2212 5 4 
2213 2 2 
2214 5 2 
2215 2 0 
2216 1 4 
2217 5 1 
2218 3 5 
2219 3 1 
2220 6 5 
2221 3 2 
2222 5 6 
2223 0 4 
2224 0 1 
2225 5 3 
2226 2 2 
2227 6 1 
2228 6 1 
2229 4 2 
2230 3 2 
2231 1 4 
2232 5 0 
2233 0 4 
2234 1 3 
2235 4 5 
2236 2 0 
2237 0 1 
2238 6 3 
2239 1 5 
2240 3 6 
2241 5 5 
2242 2 5 
2243 3 5 
2244 6 4 
2245 2 1 
2246 6 4 
2247 6 4 
2248 1 2 
2249 4 0 
2250 2 2 
2251 3 5 
2252 1 2 
2253 6 2 
2254 1 0 
2255 3 5 
2256 0 2 
2257 6 4 
2258 5 0 
2259 3 3 
2260 5 3 
2261 6 5 
2262 4 1 
2263 5 4 
2264 2 1 
2265 5 1 
2266 4 5 
2267 1 2 
2268 5 2 
2269 5 6 
2270 3 2 
2271 2 3 
2272 0 0 
2273 1 6 
2274 4 3 
2275 0 4 
2276 4 5 
2277 3 4 
2278 0 5 
2279 5 6 
2280 3 5 
2281 5 5 
2282 1 0 
2283 1 3 
2284 6 2 
2285 4 0 
2286 2 0 
2287 5 1 
2288 1 2 
2289 4 5 
2290 2 4 
2291 6 6 
2292 0 5 
2293 4 1 
2294 0 5 
2295 3 3 
2296 2 1 
2297 4 2 
2298 3 1 
2299 2 4 
2300 4 5 
2301 6 3 
2302 5 1 
2303 1 6 
2304 1 0 
2305 4 2 
2306 4 6 
2307 4 5 
2308 0 6 
2309 2 6 
2310 5 6 
2311 4 5 
2312 1 2 
2313 4 6 
2314 3 2 
2315 4 2 
2316 0 2 
2317 0 6 
2318 2 3 
2319 6 0 
2320 2 5 
2321 4 4 
2322 0 3 
2323 5 3 
2324 0 2 
2325 5 6 
2326 2 3 
2327 5 2 
2328 0 2 
2329 6 6 
2330 0 4 
2331 6 5 
2332 2 1 
2333 0 5 
2334 3 3 
2335 1 5 
2336 1 6 
2337 2 3 
2338 6 3 
2339 3 6 
2340 0 4 
2341 3 2 
2342 3 5 
2343 0 2 
2344 5 0 
2345 2 3 
2346 5 6 
2347 5 1 
2348 1 3 
2349 6 5 
2350 4 2 
2351 1 1 
2352 1 2 
2353 4 2 
2354 6 1 
2355 0 6 
2356 6 6 
2357 6 6 
2358 2 5 
2359 5 6 
2360 3 5 
2361 2 6 
2362 6 6 
2363 6 4 
2364 0 0 
2365 2 1 
2366 1 1 
2367 0 6 
2368 5 1 
2369 2 3 
2370 6 5 
2371 3 4 
2372 1 1 
2373 4 1 
2374 2 6 
2375 2 2 
2376 5 6 
2377 3 1 
2378 3 1 
2379 1 6 
2380 1 4 
2381 1 0 
2382 1 0 
2383 2 0 
2384 5 2 
2385 5 2 
2386 0 4 
2387 2 3 
2388 0 6 
2389 6 0 
2390 6 3 
2391 2 0 
2392 1 2 
2393 3 2 
2394 1 3 
2395 4 6 
2396 2 2 
2397 5 3 
2398 5 3 
2399 3 1 
2400 4 5 
2401 1 5 
2402 1 1 
2403 5 6 
2404 6 0 
2405 5 2 
2406 0 0 
2407 5 0 
2408 1 6 
2409 3 6 
2410 5 0 
2411 5 2 
2412 1 3 
2413 5 2 
2414 1 4 
2415 1 2 
2416 3 6 
2417 2 5 
2418 2 2 
2419 5 1 
2420 5 3 
2421 2 2 
2422 3 4 
2423 5 4 
2424 2 0 
2425 6 5 
2426 4 5 
2427 2 4 
2428 5 3 
2429 3 1 
2430 2 6 
2431 0 1 
2432 2 3 
2433 3 6 
2434 0 3 
2435 3 4 
2436 5 6 
2437 2 6 
2438 6 0 
2439 2 6 
2440 6 2 
2441 1 4 
2442 1 2 
2443 2 2 
2444 0 6 
2445 3 1 
2446 5 6 
2447 2 0 
2448 3 2 
2449 1 4 
2450 5 0 
2451 6 0 
2452 5 0 
2453 5 2 
2454 5 2 
2455 6 5 
2456 5 1 
2457 1 4 
2458 5 2 
2459 2 6 
2460 1 6 
2461 4 1 
2462 4 1 
2463 4 4 
2464 0 3 
2465 4 3 
2466 3 2 
2467 3 6 
2468 4 5 
2469 2 6 
2470 4 3 
2471 2 4 
2472 3 5 
2473 5 4 
2474 6 0 
2475 2 3 
2476 1 0 
2477 0 0 
2478 0 0 
2479 4 6 
2480 2 1 
2481 0 6 
2482 5 3 
2483 3 5 
2484 2 0 
2485 4 1 
2486 5 0 
2487 4 6 
2488 3 3 
2489 4 4 
2490 6 0 
2491 4 5 
2492 2 1 
2493 1 5 
2494 4 6 
2495 4 2 
2496 2 0 
2497 4 6 
2498 4 3 
2499 0 3 
2500 0 1 
2501 3 3 
2502 3 1 
2503 2 1 
2504 1 2 
2505 5 3 
2506 4 2 
2507 2 6 
2508 4 1 
2509 5 3 
2510 3 1 
2511 0 4 
2512 0 3 
2513 2 6 
2514 5 4 
2515 3 1 
2516 4 5 
2517 5 4 
2518 6 3 
2519 3 5 
2520 5 2 
2521 5 1 
2522 4 5 
2523 4 3 
2524 0 3 
2525 6 1 
2526 5 1 
2527 1 5 
2528 2 0 
2529 3 1 
2530 2 2 
2531 6 1 
2532 1 3 
2533 1 0 
2534 6 5 
2535 5 5 
2536 0 3 
2537 1 0 
2538 0 3 
2539 1 0 
2540 4 4 
2541 6 6 
2542 6 1 
2543 2 2 
2544 5 5 
2545 6 6 
2546 1 6 
2547 0 0 
2548 6 1 
2549 0 4 
2550 2 0 
2551 0 3 
2552 3 2 
2553 5 0 
2554 2 4 
2555 3 3 
2556 0 5 
2557 5 0 
2558 0 0 
2559 4 6 
2560 3 4 
2561 1 2 
2562 0 1 
2563 3 4 
2564 6 0 
2565 5 1 
2566 6 0 
2567 6 1 
2568 3 4 
2569 6 4 
2570 0 3 
2571 1 4 
2572 3 2 
2573 2 2 
2574 4 0 
2575 1 4 
2576 1 1 
2577 4 6 
2578 0 0 
2579 5 6 
2580 4 0 
2581 0 4 
2582 3 2 
2583 0 0 
2584 0 4 
2585 5 0 
2586 3 0 
2587 5 3 
2588 6 0 
2589 1 3 
2590 0 1 
2591 6 4 
2592 5 2 
2593 4 2 
2594 1 4 
2595 2 3 
2596 5 1 
2597 2 3 
2598 1 3 
2599 0 0 
2600 5 3 
2601 6 6 
2602 1 6 
2603 5 3 
2604 4 4 
2605 6 4 
2606 0 0 
2607 3 2 
2608 0 0 
2609 4 6 
2610 3 0 
2611 5 6 
2612 2 0 
2613 0 6 
2614 5 6 
2615 1 6 
2616 6 1 
2617 0 5 
2618 4 1 
2619 3 3 
2620 1 0 
2621 3 1 
2622 4 0 
2623 4 4 
2624 2 4 
2625 4 6 
2626 2 0 
2627 4 4 
2628 3 0 
2629 2 2 
2630 3 1 
2631 4 5 
2632 2 1 
2633 3 1 
2634 5 4 
2635 2 3 
2636 1 3 
2637 0 4 
2638 0 0 
2639 5 5 
2640 2 4 
2641 3 5 
2642 2 4 
2643 1 5 
2644 2 2 
2645 0 3 
2646 2 5 
2647 6 3 
2648 6 5 
2649 2 4 
2650 3 0 
2651 1 6 
2652 5 2 
2653 4 0 
2654 1 0 
2655 5 0 
2656 4 0 
2657 1 4 
2658 5 3 
2659 2 4 
2660 0 2 
2661 3 1 
2662 4 1 
2663 2 0 
2664 6 3 
2665 2 5 
2666 5 6 
2667 1 3 
2668 4 1 
2669 4 2 
2670 6 4 
2671 1 2 
2672 2 6 
2673 6 0 
2674 6 0 
2675 1 3 
2676 6 0 
2677 1 3 
2678 1 4 
2679 2 4 
2680 4 0 
2681 1 2 
2682 3 6 
2683 3 4 
2684 3 2 
2685 6 0 
2686 1 5 
2687 4 2 
2688 1 1 
2689 0 6 
2690 3 0 
2691 5 3 
2692 1 5 
2693 5 4 
2694 0 3 
2695 1 3 
2696 3 5 
2697 1 6 
2698 2 6 
2699 5 4 
2700 6 0 
2701 2 1 
2702 4 4 
2703 2 4 
2704 6 6 
2705 2 0 
2706 5 0 
2707 2 3 
2708 5 4 
2709 4 4 
2710 4 5 
2711 2 6 
2712 4 0 
2713 3 6 
2714 0 4 
2715 1 0 
2716 3 5 
2717 3 6 
2718 4 3 
2719 4 1 
2720 6 4 
2721 2 0 
2722 5 5 
2723 2 5 
2724 6 6 
2725 3 0 
2726 1 5 
2727 1 4 
2728 4 3 
2729 5 3 
2730 1 5 
2731 3 2 
2732 2 6 
2733 5 0 
2734 4 0 
2735 4 3 
2736 0 1 
2737 0 4 
2738 1 3 
2739 3 4 
2740 2 2 
2741 0 4 
2742 5 2 
2743 4 2 
2744 2 4 
2745 2 6 
2746 2 5 
2747 6 3 
2748 3 3 
2749 5 1 
2750 6 1 
2751 5 2 
2752 6 3 
2753 4 5 
2754 0 6 
2755 3 4 
2756 3 6 
2757 3 0 
2758 2 2 
2759 1 4 
2760 2 4 
2761 1 6 
2762 4 1 
2763 5 1 
2764 1 4 
2765 4 4 
2766 6 6 
2767 4 1 
2768 4 1 
2769 5 2 
2770 1 4 
2771 2 0 
2772 5 6 
2773 1 4 
2774 6 4 
2775 5 0 
2776 6 6 
2777 3 5 
2778 4 0 
2779 6 2 
2780 6 2 
2781 2 4 
2782 2 2 
2783 3 2 
2784 1 2 
2785 1 3 
2786 1 3 
2787 4 3 
2788 3 2 
2789 2 5 
2790 5 4 
2791 5 4 
2792 1 2 
2793 2 2 
2794 3 0 
2795 3 6 
2796 1 0 
2797 4 1 
2798 5 6 
2799 5 1 
2800 3 0 
2801 5 1 
2802 4 1 
2803 0 5 
2804 2 0 
2805 0 6 
2806 3 1 
2807 3 6 
2808 4 2 
2809 5 0 
2810 4 6 
2811 1 0 
2812 2 3 
2813 3 1 
2814 6 4 
2815 4 4 
2816 4 5 
2817 6 1 
2818 2 1 
2819 5 0 
2820 2 6 
2821 1 1 
2822 0 1 
2823 3 6 
2824 1 5 
2825 2 0 
2826 3 6 
2827 6 4 
2828 3 2 
2829 0 0 
2830 4 2 
2831 5 6 
2832 2 6 
2833 2 6 
2834 3 3 
2835 0 1 
2836 6 5 
2837 4 3 
2838 6 1 
2839 1 2 
2840 3 5 
2841 4 2 
2842 0 6 
2843 3 6 
2844 6 3 
2845 1 1 
2846 1 3 
2847 3 1 
2848 6 1 
2849 2 6 
2850 4 5 
2851 0 2 
2852 4 3 
2853 6 1 
2854 6 4 
2855 2 3 
2856 3 3 
2857 5 4 
2858 6 0 
2859 2 4 
2860 4 2 
2861 2 0 
2862 2 5 
2863 5 4 
2864 2 1 
2865 5 5 
2866 4 3 
2867 3 2 
2868 2 0 
2869 5 3 
2870 5 4 
2871 3 3 
2872 2 1 
2873 0 2 
2874 3 3 
2875 4 2 
2876 2 6 
2877 6 5 
2878 5 1 
2879 3 2 
2880 5 5 
2881 2 4 
2882 1 0 
2883 4 6 
2884 0 1 
2885 0 4 
2886 0 1 
2887 2 1 
2888 4 2 
2889 3 0 
2890 4 6 
2891 1 0 
2892 5 3 
2893 2 6 
2894 6 3 
2895 0 4 
2896 3 1 
2897 5 4 
2898 3 2 
2899 6 2 
2900 0 2 
2901 5 5 
2902 1 1 
2903 3 2 
2904 2 4 
2905 0 1 
2906 3 0 
2907 6 5 
2908 2 2 
2909 5 3 
2910 2 3 
2911 1 6 
2912 3 1 
2913 0 5 
2914 2 6 
2915 2 1 
2916 0 1 
2917 4 1 
2918 5 0 
2919 2 0 
2920 5 1 
2921 2 3 
2922 4 6 
2923 4 2 
2924 4 0 
2925 0 1 
2926 2 3 
2927 0 1 
2928 0 1 
2929 4 0 
2930 6 2 
2931 0 1 
2932 6 2 
2933 6 4 
2934 0 2 
2935 3 3 
2936 4 1 
2937 2 5 
2938 2 0 
2939 0 4 
2940 4 3 
2941 0 6 
2942 5 1 
2943 3 5 
2944 6 4 
2945 6 5 
2946 6 6 
2947 3 2 
2948 0 2 
2949 2 2 
2950 0 5 
2951 5 5 
2952 4 4 
2953 2 0 
2954 3 2 
2955 1 0 
2956 6 2 
2957 0 0 
2958 0 3 
2959 3 4 
2960 6 3 
2961 5 6 
2962 1 4 
2963 3 5 
2964 3 2 
2965 5 3 
2966 0 6 
2967 5 0 
2968 0 5 
2969 5 3 
2970 0 4 
2971 2 3 
2972 1 6 
2973 1 3 
2974 5 1 
2975 4 0 
2976 1 5 
2977 2 0 
2978 2 1 
2979 5 6 
2980 4 2 
2981 6 3 
2982 2 5 
2983 0 5 
2984 1 1 
2985 0 5 
2986 6 2 
2987 0 2 
2988 1 1 
2989 1 2 
2990 5 4 
2991 4 1 
2992 6 2 
2993 0 5 
2994 6 6 
2995 2 0 
2996 0 0 
2997 0 2 
2998 4 0 
2999 6 1 
3000 2 1 
3001 4 1 
3002 6 6 
3003 5 0 
3004 6 0 
3005 1 3 
3006 5 1 
3007 2 0 
3008 2 1 
3009 5 3 
3010 1 5 
3011 6 6 
3012 5 0 
3013 1 6 
3014 3 3 
3015 1 3 
3016 4 2 
3017 4 4 
3018 6 1 
3019 1 5 
3020 4 3 
3021 4 2 
3022 3 2 
3023 5 2 
3024 5 2 
3025 0 0 
3026 5 5 
3027 4 6 
3028 0 1 
3029 3 5 
3030 6 2 
3031 5 6 
3032 4 0 
3033 4 1 
3034 6 0 
3035 2 6 
3036 1 1 
3037 4 6 
3038 0 0 
3039 4 4 
3040 0 2 
3041 5 3 
3042 4 3 
3043 4 5 
3044 1 5 
3045 3 1 
3046 5 5 
3047 0 2 
3048 6 5 
3049 0 3 
3050 0 2 
3051 1 6 
3052 6 6 
3053 1 6 
3054 6 5 
3055 4 1 
3056 3 2 
3057 0 0 
3058 1 5 
3059 4 0 
3060 0 5 
3061 4 3 
3062 3 1 
3063 0 2 
3064 0 3 
3065 6 4 
3066 2 0 
3067 6 1 
3068 0 1 
3069 4 6 
3070 1 5 
3071 3 2 
3072 6 4 
3073 1 2 
3074 2 1 
3075 1 2 
3076 0 1 
3077 6 2 
3078 4 0 
3079 5 4 
3080 3 3 
3081 3 2 
3082 6 0 
3083 4 0 
3084 3 1 
3085 2 5 
3086 4 4 
3087 3 0 
3088 3 1 
3089 1 4 
3090 2 1 
3091 0 0 
3092 5 4 
3093 2 3 
3094 5 6 
3095 6 6 
3096 6 5 
3097 3 5 
3098 5 6 
3099 4 6 
3100 3 5 
3101 6 0 
3102 1 6 
3103 3 3 
3104 1 0 
3105 5 6 
3106 5 1 
3107 4 5 
3108 0 0 
3109 4 6 
3110 1 2 
3111 4 6 
3112 5 6 
3113 1 2 
3114 3 4 
3115 4 6 
3116 2 0 
3117 5 2 
3118 3 1 
3119 1 1 
3120 0 6 
3121 5 3 
3122 4 5 
3123 3 6 
3124 1 1 
3125 6 2 
3126 0 1 
3127 2 5 
3128 1 5 
3129 0 1 
3130 4 0 
3131 6 2 
3132 1 1 
3133 2 2 
3134 1 1 
3135 0 2 
3136 1 1 
3137 6 5 
3138 0 3 
3139 6 3 
3140 5 2 
3141 5 5 
3142 2 5 
3143 6 4 
3144 4 5 
3145 3 0 
3146 3 2 
3147 4 4 
3148 4 0 
3149 0 4 
3150 4 1 
3151 6 1 
3152 3 4 
3153 3 3 
3154 0 5 
3155 5 5 
3156 5 2 
3157 2 6 
3158 3 4 
3159 2 6 
3160 0 1 
3161 2 2 
3162 5 2 
3163 4 3 
3164 2 1 
3165 6 6 
3166 5 4 
3167 2 1 
3168 3 5 
3169 5 5 
3170 1 2 
3171 6 5 
3172 5 4 
3173 5 2 
3174 2 0 
3175 1 6 
3176 4 0 
3177 0 1 
3178 6 0 
3179 3 2 
3180 1 5 
3181 5 6 
3182 0 3 
3183 0 4 
3184 0 5 
3185 4 1 
3186 4 5 
3187 4 1 
3188 3 5 
3189 3 1 
3190 2 0 
3191 5 3 
3192 3 4 
3193 4 3 
3194 5 1 
3195 2 1 
3196 2 6 
3197 0 2 
3198 6 6 
3199 2 6 
3200 4 2 
3201 1 0 
3202 5 4 
3203 6 5 
3204 3 5 
3205 3 6 
3206 2 5 
3207 4 3 
3208 6 2 
3209 2 3 
3210 0 6 
3211 0 5 
3212 6 0 
3213 0 1 
3214 2 2 
3215 4 4 
3216 3 4 
3217 4 4 
3218 4 5 
3219 6 0 
3220 3 4 
3221 6 1 
3222 4 1 
3223 1 2 
3224 1 1 
3225 1 3 
3226 1 2 
3227 6 4 
3228 3 0 
3229 4 6 
3230 3 3 
3231 0 5 
3232 1 1 
3233 1 1 
3234 5 1 
3235 6 0 
3236 4 0 
3237 2 0 
3238 5 2 
3239 6 0 
3240 4 5 
3241 4 2 
3242 2 3 
3243 1 0 
3244 6 5 
3245 3 0 
3246 0 0 
3247 0 1 
3248 4 6 
3249 0 4 
3250 6 2 
3251 4 1 
3252 4 1 
3253 3 0 
3254 6 0 
3255 3 0 
3256 6 4 
3257 4 4 
3258 0 4 
3259 5 5 
3260 2 3 
3261 2 2 
3262 1 2 
3263 4 2 
3264 2 1 
3265 1 1 
3266 4 6 
3267 5 0 
3268 1 1 
3269 6 1 
3270 5 2 
3271 2 0 
3272 3 3 
3273 1 4 
3274 2 5 
3275 5 1 
3276 1 4 
3277 6 4 
3278 2 5 
3279 2 5 
3280 2 0 
3281 1 6 
3282 0 5 
3283 0 2 
3284 2 4 
3285 5 2 
3286 3 4 
3287 0 2 
3288 2 6 
3289 1 5 
3290 0 0 
3291 5 4 
3292 3 3 
3293 0 2 
3294 2 0 
3295 0 4 
3296 0 4 
3297 6 2 
3298 4 1 
3299 3 3 
3300 3 0 
3301 6 3 
3302 4 5 
3303 0 3 
3304 3 6 
3305 3 4 
3306 3 5 
3307 6 2 
3308 5 0 
3309 2 6 
3310 4 2 
3311 1 1 
3312 3 2 
3313 5 5 
3314 1 6 
3315 2 3 
3316 6 5 
3317 1 1 
3318 3 5 
3319 4 0 
3320 6 2 
3321 0 6 
3322 0 3 
3323 0 3 
3324 5 1 
3325 5 5 
3326 5 4 
3327 4 5 
3328 3 3 
3329 6 4 
3330 6 2 
3331 1 5 
3332 4 1 
3333 2 0 
3334 4 0 
3335 4 5 
3336 2 3 
3337 6 3 
3338 2 1 
3339 5 5 
3340 4 5 
3341 2 0 
3342 2 3 
3343 0 2 
3344 2 1 
3345 6 5 
3346 2 5 
3347 2 6 
3348 1 1 
3349 1 5 
3350 3 6 
3351 1 6 
3352 5 5 
3353 5 4 
3354 3 0 
3355 1 2 
3356 3 2 
3357 2 1 
3358 6 5 
3359 0 6 
3360 5 2 
3361 3 3 
3362 0 3 
3363 4 4 
3364 4 6 
3365 6 1 
3366 3 6 
3367 6 1 
3368 1 6 
3369 2 3 
3370 2 3 
3371 3 3 
3372 6 1 
3373 4 3 
3374 3 2 
3375 6 5 
3376 5 2 
3377 1 3 
3378 1 3 
3379 6 6 
3380 6 4 
3381 6 5 
3382 0 0 
3383 3 1 
3384 0 6 
3385 2 0 
3386 0 5 
3387 2 1 
3388 4 2 
3389 5 6 
3390 3 6 
3391 1 4 
3392 2 5 
3393 0 1 
3394 6 5 
3395 5 3 
3396 1 0 
3397 5 0 
3398 3 2 
3399 1 4 
3400 1 6 
3401 1 1 
3402 2 4 
3403 6 0 
3404 2 1 
3405 4 1 
3406 0 3 
3407 0 4 
3408 2 5 
3409 2 3 
3410 5 0 
3411 1 2 
3412 0 3 
3413 1 6 
3414 5 6 
3415 2 4 
3416 5 1 
3417 1 3 
3418 2 5 
3419 1 2 
3420 3 2 
3421 0 0 
3422 5 6 
3423 5 3 
3424 2 4 
3425 2 6 
3426 1 5 
3427 5 3 
3428 3 5 
3429 3 3 
3430 5 0 
3431 6 0 
3432 4 2 
3433 0 3 
3434 5 3 
3435 6 5 
3436 2 4 
3437 2 0 
3438 0 3 
3439 5 1 
3440 4 6 
3441 3 1 
3442 6 2 
3443 6 0 
3444 6 6 
3445 0 6 
3446 0 1 
3447 0 6 
3448 2 2 
3449 5 0 
3450 1 2 
3451 6 1 
3452 4 2 
3453 6 4 
3454 0 1 
3455 4 5 
3456 0 1 
3457 5 1 
3458 4 4 
3459 3 3 
3460 1 6 
3461 0 4 
3462 2 3 
3463 3 1 
3464 2 5 
3465 4 3 
3466 5 0 
3467 4 4 
3468 5 6 
3469 2 5 
3470 3 3 
3471 0 1 
3472 5 1 
3473 2 6 
3474 0 3 
3475 3 4 
3476 1 2 
3477 5 5 
3478 5 6 
3479 4 0 
3480 1 3 
3481 6 1 
3482 0 1 
3483 5 2 
3484 6 1 
3485 3 0 
3486 6 4 
3487 6 6 
3488 6 2 
3489 5 6 
3490 3 0 
3491 3 0 
3492 0 5 
3493 6 4 
3494 5 4 
3495 6 0 
3496 0 2 
3497 1 1 
3498 1 2 
3499 1 2 
3500 2 1 
3501 2 1 
3502 4 6 
3503 1 1 
3504 1 1 
3505 0 2 
3506 3 5 
3507 3 4 
3508 3 4 
3509 1 5 
3510 2 2 
3511 3 6 
3512 3 5 
3513 4 4 
3514 1 3 
3515 6 4 
3516 6 6 
3517 1 4 
3518 1 6 
3519 2 2 
3520 0 1 
3521 1 0 
3522 5 2 
3523 0 4 
3524 1 0 
3525 0 6 
3526 0 2 
3527 6 6 
3528 4 2 
3529 5 5 
3530 6 5 
3531 3 1 
3532 6 0 
3533 6 5 
3534 0 3 
3535 6 1 
3536 2 3 
3537 2 3 
3538 1 4 
3539 0 1 
3540 6 4 
3541 3 6 
3542 4 6 
3543 5 3 
3544 0 2 
3545 6 0 
3546 5 6 
3547 6 0 
3548 1 2 
3549 5 2 
3550 0 0 
3551 5 3 
3552 5 0 
3553 5 0 
3554 0 4 
3555 1 3 
3556 2 4 
3557 2 5 
3558 4 4 
3559 3 5 
3560 2 3 
3561 2 4 
3562 0 4 
3563 0 0 
3564 0 3 
3565 0 5 
3566 6 2 
3567 0 0 
3568 2 4 
3569 4 3 
3570 0 1 
3571 3 6 
3572 3 0 
3573 4 4 
3574 2 2 
3575 0 5 
3576 6 1 
3577 0 1 
3578 3 1 
3579 3 2 
3580 2 6 
3581 1 5 
3582 1 1 
3583 5 2 
3584 2 3 
3585 2 3 
3586 6 5 
3587 4 4 
3588 6 2 
3589 1 3 
3590 0 0 
3591 1 1 
3592 4 1 
3593 6 6 
3594 4 4 
3595 5 0 
3596 0 2 
3597 5 4 
3598 0 1 
3599 5 3 
3600 4 4 
3601 1 3 
3602 0 4 
3603 3 4 
3604 1 5 
3605 3 2 
3606 0 3 
3607 3 4 
3608 2 3 
3609 4 2 
3610 0 5 
3611 2 4 
3612 2 3 
3613 5 4 
3614 0 5 
3615 0 6 
3616 6 5 
3617 4 4 
3618 5 6 
3619 1 2 
3620 0 2 
3621 4 1 
3622 1 2 
3623 0 6 
3624 1 0 
3625 5 1 
3626 2 3 
3627 1 6 
3628 5 6 
3629 4 2 
3630 0 5 
3631 3 6 
3632 0 0 
3633 0 3 
3634 6 3 
3635 3 2 
3636 4 2 
3637 3 0 
3638 4 0 
3639 6 1 
3640 6 2 
3641 5 5 
3642 6 5 
3643 3 6 
3644 6 1 
3645 2 6 
3646 4 6 
3647 4 1 
3648 4 5 
3649 0 2 
3650 0 1 
3651 4 4 
3652 1 3 
3653 6 5 
3654 2 5 
3655 6 4 
3656 6 1 
3657 2 2 
3658 4 2 
3659 3 6 
3660 6 1 
3661 4 1 
3662 3 6 
3663 6 2 
3664 3 4 
3665 4 4 
3666 0 1 
3667 1 2 
3668 0 3 
3669 3 1 
3670 6 3 
3671 2 1 
3672 0 0 
3673 1 5 
3674 4 6 
3675 1 4 
3676 3 2 
3677 6 6 
3678 6 5 
3679 3 4 
3680 4 0 
3681 0 2 
3682 4 1 
3683 2 2 
3684 2 1 
3685 0 0 
3686 0 5 
3687 2 5 
3688 6 6 
3689 2 5 
3690 5 0 
3691 6 6 
3692 6 3 
3693 6 2 
3694 2 2 
3695 6 5 
3696 3 5 
3697 1 3 
3698 3 2 
3699 0 5 
3700 4 2 
3701 3 4 
3702 5 5 
3703 1 6 
3704 4 6 
3705 0 2 
3706 6 1 
3707 5 2 
3708 5 5 
3709 1 0 
3710 0 0 
3711 2 2 
3712 1 3 
3713 1 0 
3714 4 0 
3715 6 3 
3716 4 0 
3717 3 6 
3718 6 2 
3719 6 0 
3720 2 1 
3721 1 4 
3722 3 1 
3723 3 4 
3724 3 2 
3725 5 5 
3726 2 1 
3727 5 4 
3728 6 3 
3729 0 1 
3730 1 2 
3731 4 6 
3732 1 0 
3733 2 4 
3734 2 4 
3735 3 6 
3736 2 3 
3737 1 2 
3738 0 1 
3739 2 2 
3740 1 0 
3741 4 6 
3742 4 5 
3743 1 0 
3744 3 2 
3745 5 2 
3746 3 2 
3747 3 4 
3748 4 6 
3749 5 0 
3750 2 3 
3751 2 0 
3752 1 3 
3753 4 1 
3754 1 3 
3755 6 3 
3756 1 2 
3757 1 3 
3758 3 6 
3759 5 3 
3760 0 4 
3761 0 1 
3762 5 1 
3763 6 5 
3764 4 5 
3765 4 6 
3766 0 4 
3767 1 6 
3768 3 2 
3769 6 6 
3770 5 2 
3771 3 3 
3772 1 1 
3773 2 6 
3774 3 5 
3775 4 4 
3776 4 0 
3777 5 4 
3778 1 0 
3779 2 0 
3780 6 4 
3781 1 2 
3782 2 0 
3783 2 4 
3784 2 0 
3785 2 3 
3786 6 1 
3787 1 0 
3788 6 0 
3789 4 5 
3790 0 5 
3791 2 4 
3792 3 5 
3793 3 0 
3794 5 1 
3795 2 3 
3796 3 6 
3797 1 0 
3798 1 5 
3799 6 6 
3800 6 2 
3801 6 2 
3802 5 5 
3803 6 5 
3804 0 5 
3805 5 4 
3806 2 1 
3807 2 4 
3808 2 4 
3809 5 3 
3810 6 1 
3811 3 6 
3812 0 0 
3813 3 3 
3814 4 1 
3815 5 0 
3816 5 5 
3817 5 0 
3818 1 5 
3819 6 0 
3820 2 4 
3821 5 1 
3822 2 3 
3823 3 6 
3824 0 4 
3825 6 6 
3826 3 4 
3827 6 2 
3828 5 4 
3829 1 2 
3830 6 3 
3831 3 1 
3832 1 2 
3833 6 4 
3834 2 1 
3835 3 0 
3836 2 5 
3837 1 5 
3838 6 3 
3839 2 4 
3840 6 0 
3841 6 6 
3842 4 5 
3843 3 6 
3844 1 3 
3845 2 0 
3846 4 1 
3847 4 3 
3848 3 0 
3849 4 4 
3850 3 4 
3851 6 2 
3852 3 0 
3853 1 6 
3854 3 0 
3855 4 2 
3856 4 4 
3857 2 5 
3858 1 1 
3859 4 4 
3860 6 5 
3861 4 4 
3862 3 2 
3863 5 5 
3864 3 6 
3865 6 1 
3866 2 2 
3867 4 5 
3868 5 4 
3869 2 3 
3870 6 1 
3871 4 4 
3872 6 6 
3873 0 6 
3874 4 0 
3875 4 1 
3876 5 4 
3877 0 5 
3878 6 2 
3879 2 0 
3880 2 6 
3881 1 4 
3882 6 1 
3883 1 3 
3884 5 2 
3885 5 4 
3886 4 5 
3887 0 1 
3888 6 6 
3889 3 4 
3890 6 1 
3891 1 1 
3892 4 2 
3893 3 4 
3894 4 6 
3895 2 4 
3896 3 1 
3897 0 3 
3898 6 6 
3899 5 2 
3900 1 5 
3901 5 1 
3902 6 2 
3903 6 4 
3904 4 3 
3905 5 5 
3906 1 4 
3907 4 6 
3908 1 3 
3909 3 1 
3910 5 4 
3911 2 4 
3912 1 6 
3913 4 6 
3914 3 0 
3915 4 4 
3916 5 2 
3917 6 6 
3918 1 0 
3919 5 5 
3920 1 3 
3921 3 3 
3922 4 6 
3923 5 2 
3924 4 6 
3925 6 3 
3926 4 4 
3927 1 2 
3928 4 3 
3929 4 6 
3930 5 1 
3931 3 3 
3932 3 1 
3933 3 1 
3934 6 3 
3935 2 1 
3936 3 0 
3937 6 5 
3938 2 1 
3939 4 5 
3940 1 4 
3941 5 4 
3942 1 0 
3943 0 4 
3944 1 0 
3945 1 2 
3946 0 2 
3947 0 5 
3948 3 6 
3949 1 3 
3950 1 1 
3951 6 2 
3952 1 4 
3953 1 5 
3954 6 6 
3955 6 3 
3956 5 5 
3957 5 3 
3958 5 5 
3959 5 0 
3960 2 2 
3961 3 2 
3962 2 0 
3963 0 2 
3964 3 4 
3965 1 6 
3966 6 5 
3967 4 2 
3968 6 6 
3969 0 1 
3970 0 4 
3971 6 2 
3972 5 2 
3973 2 5 
3974 2 4 
3975 4 1 
3976 3 4 
3977 1 3 
3978 4 1 
3979 2 5 
3980 5 4 
3981 3 3 
3982 3 3 
3983 3 4 
3984 2 5 
3985 1 1 
3986 4 2 
3987 1 0 
3988 0 5 
3989 5 4 
3990 5 2 
3991 5 2 
3992 2 5 
3993 4 6 
3994 3 6 
3995 2 6 
3996 3 4 
3997 1 6 
3998 6 0 
3999 6 1 
4000 0 2 
4001 0 1 
4002 6 5 
4003 1 3 
4004 0 2 
4005 2 1 
4006 4 2 
4007 3 0 
4008 6 1 
4009 6 0 
4010 0 2 
4011 1 4 
4012 6 4 
4013 5 5 
4014 2 5 
4015 5 1 
4016 1 4 
4017 4 5 
4018 0 1 
4019 2 1 
4020 4 1 
4021 4 4 
4022 4 0 
4023 2 2 
4024 0 1 
4025 1 5 
4026 1 4 
4027 1 1 
4028 1 4 
4029 2 3 
4030 1 3 
4031 6 2 
4032 3 6 
4033 3 0 
4034 3 0 
4035 6 6 
4036 2 6 
4037 1 6 
4038 2 5 
4039 3 0 
4040 1 4 
4041 3 2 
4042 2 1 
4043 4 5 
4044 5 4 
4045 2 2 
4046 0 3 
4047 1 2 
4048 2 3 
4049 6 1 
4050 0 0 
4051 4 1 
4052 4 4 
4053 4 1 
4054 6 4 
4055 1 4 
4056 3 1 
4057 5 6 
4058 0 5 
4059 6 3 
4060 5 1 
4061 1 5 
4062 5 5 
4063 5 0 
4064 4 5 
4065 2 4 
4066 1 0 
4067 4 4 
4068 3 2 
4069 0 6 
4070 2 5 
4071 6 3 
4072 1 6 
4073 0 0 
4074 2 4 
4075 1 2 
4076 5 2 
4077 2 6 
4078 1 1 
4079 0 0 
4080 0 5 
4081 4 3 
4082 5 4 
4083 3 5 
4084 6 0 
4085 3 2 
4086 5 6 
4087 1 4 
4088 5 4 
4089 6 4 
4090 2 5 
4091 6 2 
4092 5 6 
4093 2 0 
4094 6 4 
4095 4 2 
4096 6 1 
4097 2 3 
4098 0 6 
4099 0 3 
4100 6 5 
4101 6 4 
4102 4 1 
4103 2 4 
4104 5 3 
4105 5 1 
4106 1 0 
4107 5 2 
4108 6 4 
4109 3 1 
4110 4 4 
4111 3 0 
4112 1 1 
4113 2 5 
4114 3 6 
4115 0 6 
4116 6 6 
4117 3 3 
4118 2 1 
4119 0 6 
4120 1 6 
4121 3 0 
4122 5 0 
4123 1 2 
4124 3 5 
4125 5 4 
4126 5 3 
4127 4 1 
4128 1 4 
4129 6 4 
4130 0 1 
4131 4 4 
4132 5 4 
4133 6 6 
4134 4 6 
4135 1 4 
4136 5 1 
4137 6 5 
4138 2 2 
4139 0 5 
4140 2 4 
4141 6 2 
4142 3 2 
4143 5 5 
4144 1 2 
4145 2 1 
4146 4 0 
4147 1 0 
4148 4 3 
4149 1 0 
4150 5 5 
4151 5 5 
4152 5 4 
4153 4 5 
4154 4 4 
4155 0 1 
4156 6 5 
4157 6 6 
4158 5 6 
4159 5 1 
4160 5 5 
4161 1 0 
4162 0 6 
4163 4 4 
4164 4 6 
4165 0 6 
4166 6 4 
4167 5 1 
4168 3 4 
4169 4 5 
4170 2 0 
4171 3 2 
4172 3 2 
4173 6 6 
4174 3 3 
4175 5 6 
4176 4 2 
4177 2 6 
4178 0 5 
4179 5 5 
4180 5 6 
4181 5 0 
4182 3 1 
4183 5 1 
4184 6 3 
4185 5 3 
4186 6 5 
4187 1 0 
4188 1 1 
4189 1 4 
4190 2 6 
4191 4 1 
4192 1 0 
4193 0 5 
4194 3 3 
4195 3 1 
4196 1 4 
4197 2 5 
4198 4 2 
4199 1 6 
4200 2 4 
4201 0 2 
4202 0 0 
4203 4 2 
4204 1 6 
4205 6 5 
4206 2 5 
4207 3 4 
4208 1 1 
4209 2 1 
4210 4 4 
4211 2 0 
4212 5 3 
4213 6 6 
4214 3 1 
4215 4 4 
4216 4 0 
4217 3 1 
4218 1 0 
4219 3 0 
4220 0 1 
4221 4 5 
4222 6 6 
4223 2 5 
4224 3 1 
4225 4 5 
4226 6 6 
4227 0 1 
4228 1 6 
4229 4 3 
4230 0 0 
4231 1 2 
4232 1 1 
4233 6 4 
4234 3 5 
4235 5 1 
4236 4 5 
4237 5 1 
4238 3 6 
4239 2 1 
4240 2 5 
4241 2 0 
4242 6 4 
4243 1 5 
4244 4 1 
4245 6 3 
4246 2 3 
4247 1 6 
4248 4 2 
4249 4 0 
4250 4 2 
4251 3 2 
4252 2 2 
4253 4 1 
4254 3 1 
4255 2 5 
4256 3 4 
4257 0 4 
4258 5 0 
4259 1 2 
4260 0 2 
4261 0 3 
4262 5 1 
4263 1 1 
4264 3 0 
4265 6 2 
4266 6 5 
4267 2 6 
4268 6 0 
4269 4 6 
4270 3 6 
4271 1 6 
4272 6 5 
4273 4 0 
4274 5 3 
4275 3 3 
4276 3 2 
4277 1 6 
4278 1 0 
4279 4 2 
4280 4 0 
4281 5 4 
4282 0 3 
4283 1 3 
4284 3 6 
4285 1 6 
4286 5 2 
4287 0 4 
4288 5 5 
4289 0 4 
4290 3 5 
4291 5 1 
4292 0 3 
4293 0 4 
4294 0 1 
4295 4 3 
4296 3 6 
4297 2 1 
4298 6 5 
4299 3 5 
4300 4 1 
4301 3 6 
4302 5 3 
4303 4 1 
4304 5 1 
4305 5 1 
4306 0 6 
4307 1 1 
4308 4 3 
4309 5 4 
4310 5 2 
4311 6 5 
4312 6 0 
4313 0 5 
4314 1 2 
4315 4 0 
4316 0 5 
4317 0 3 
4318 5 3 
4319 1 3 
4320 1 3 
4321 0 0 
4322 2 4 
4323 2 2 
4324 2 3 
4325 0 2 
4326 4 6 
4327 2 3 
4328 1 4 
4329 5 5 
4330 4 2 
4331 6 1 
4332 5 3 
4333 0 0 
4334 6 3 
4335 4 3 
4336 0 1 
4337 4 2 
4338 0 3 
4339 4 6 
4340 1 2 
4341 6 5 
4342 6 1 
4343 0 6 
4344 1 4 
4345 5 4 
4346 4 1 
4347 4 0 
4348 3 6 
4349 6 1 
4350 0 1 
4351 0 6 
4352 1 4 
4353 1 4 
4354 1 5 
4355 4 6 
4356 5 4 
4357 0 1 
4358 0 5 
4359 1 4 
4360 6 1 
4361 6 6 
4362 6 5 
4363 1 0 
4364 6 4 
4365 5 4 
4366 3 2 
4367 0 6 
4368 0 6 
4369 3 6 
4370 0 2 
4371 4 3 
4372 6 0 
4373 6 2 
4374 6 6 
4375 5 4 
4376 4 4 
4377 3 3 
4378 6 3 
4379 6 2 
4380 1 6 
4381 0 4 
4382 2 0 
4383 6 2 
4384 3 3 
4385 1 0 
4386 4 2 
4387 1 5 
4388 1 0 
4389 2 3 
4390 0 0 
4391 4 6 
4392 1 6 
4393 3 6 
4394 4 6 
4395 4 0 
4396 3 0 
4397 4 5 
4398 1 5 
4399 1 4 
4400 0 3 
4401 5 1 
4402 1 1 
4403 1 2 
4404 3 0 
4405 5 2 
4406 6 2 
4407 4 2 
4408 6 0 
4409 2 0 
4410 5 3 
4411 3 1 
4412 0 0 
4413 6 4 
4414 1 1 
4415 0 0 
4416 5 6 
4417 3 0 
4418 0 5 
4419 4 4 
4420 5 5 
4421 0 4 
4422 1 2 
4423 3 6 
4424 5 3 
4425 1 5 
4426 3 3 
4427 6 2 
4428 3 3 
4429 0 1 
4430 6 3 
4431 6 6 
4432 4 5 
4433 5 4 
4434 0 0 
4435 3 2 
4436 4 1 
4437 3 1 
4438 6 2 
4439 6 5 
4440 4 1 
4441 6 1 
4442 4 2 
4443 5 2 
4444 6 2 
4445 5 3 
4446 0 6 
4447 6 4 
4448 2 5 
4449 0 0 
4450 4 4 
4451 3 4 
4452 0 1 
4453 6 3 
4454 2 3 
4455 5 2 
4456 4 4 
4457 0 5 
4458 2 0 
4459 3 6 
4460 3 4 
4461 3 5 
4462 2 1 
4463 5 2 
4464 2 1 
4465 1 3 
4466 5 4 
4467 1 4 
4468 4 2 
4469 0 6 
4470 6 2 
4471 1 6 
4472 2 6 
4473 5 2 
4474 2 5 
4475 2 2 
4476 0 1 
4477 4 1 
4478 6 2 
4479 2 6 
4480 0 5 
4481 3 0 
4482 4 0 
4483 1 3 
4484 1 4 
4485 2 5 
4486 4 5 
4487 4 5 
4488 1 4 
4489 4 5 
4490 6 0 
4491 0 3 
4492 4 5 
4493 0 6 
4494 5 2 
4495 0 6 
4496 3 2 
4497 1 1 
4498 2 1 
4499 6 4 
4500 6 5 
4501 5 6 
4502 4 0 
4503 5 1 
4504 0 5 
4505 2 5 
4506 0 0 
4507 6 3 
4508 5 3 
4509 4 5 
4510 6 5 
4511 6 4 
4512 5 3 
4513 0 2 
4514 3 1 
4515 1 0 
4516 3 3 
4517 2 5 
4518 5 2 
4519 1 4 
4520 4 1 
4521 3 5 
4522 4 3 
4523 3 5 
4524 1 1 
4525 3 3 
4526 3 4 
4527 2 0 
4528 2 6 
4529 6 4 
4530 0 6 
4531 3 2 
4532 0 3 
4533 4 5 
4534 1 4 
4535 2 3 
4536 0 2 
4537 1 0 
4538 0 4 
4539 5 4 
4540 6 2 
4541 0 4 
4542 5 0 
4543 3 0 
4544 0 3 
4545 5 1 
4546 4 1 
4547 3 5 
4548 5 4 
4549 2 6 
4550 6 4 
4551 2 2 
4552 1 3 
4553 2 6 
4554 0 0 
4555 0 6 
4556 1 2 
4557 3 5 
4558 2 3 
4559 4 4 
4560 5 4 
4561 6 2 
4562 3 6 
4563 0 2 
4564 6 6 
4565 3 3 
4566 2 6 
4567 6 4 
4568 3 2 
4569 4 4 
4570 1 6 
4571 0 0 
4572 0 6 
4573 0 6 
4574 2 2 
4575 5 0 
4576 1 4 
4577 2 3 
4578 1 4 
4579 4 2 
4580 1 2 
4581 2 4 
4582 2 4 
4583 2 0 
4584 5 2 
4585 2 1 
4586 3 2 
4587 4 3 
4588 3 2 
4589 0 1 
4590 0 2 
4591 6 1 
4592 5 1 
4593 4 6 
4594 2 4 
4595 2 4 
4596 2 6 
4597 2 5 
4598 5 1 
4599 3 5 
4600 6 2 
4601 1 2 
4602 4 0 
4603 5 2 
4604 2 5 
4605 4 3 
4606 5 3 
4607 2 4 
4608 0 6 
4609 5 6 
4610 0 1 
4611 0 1 
4612 4 4 
4613 1 4 
4614 5 1 
4615 6 5 
4616 5 0 
4617 3 4 
4618 3 2 
4619 4 4 
4620 5 4 
4621 3 1 
4622 3 0 
4623 6 6 
4624 0 5 
4625 5 2 
4626 6 2 
4627 0 1 
4628 3 2 
4629 2 2 
4630 6 4 
4631 1 2 
4632 1 4 
4633 1 4 
4634 2 4 
4635 5 3 
4636 2 5 
4637 1 6 
4638 4 1 
4639 6 3 
4640 1 3 
4641 4 4 
4642 0 5 
4643 0 6 
4644 5 4 
4645 4 4 
4646 4 3 
4647 0 2 
4648 0 4 
4649 2 1 
4650 0 6 
4651 5 3 
4652 3 0 
4653 1 2 
4654 6 0 
4655 0 2 
4656 4 6 
4657 2 6 
4658 5 5 
4659 0 4 
4660 5 0 
4661 2 2 
4662 4 2 
4663 3 1 
4664 0 1 
4665 0 4 
4666 6 2 
4667 2 2 
4668 0 4 
4669 3 4 
4670 0 3 
4671 5 4 
4672 6 1 
4673 5 4 
4674 2 0 
4675 1 6 
4676 6 1 
4677 1 4 
4678 5 4 
4679 3 1 
4680 5 3 
4681 6 1 
4682 3 6 
4683 3 5 
4684 3 0 
4685 6 3 
4686 6 4 
4687 6 4 
4688 6 0 
4689 5 1 
4690 2 5 
4691 0 0 
4692 6 2 
4693 4 6 
4694 5 6 
4695 3 3 
4696 1 6 
4697 1 4 
4698 5 5 
4699 4 4 
4700 3 1 
4701 0 5 
4702 0 1 
4703 3 1 
4704 0 3 
4705 3 3 
4706 0 3 
4707 3 5 
4708 0 4 
4709 2 2 
4710 6 1 
4711 1 0 
4712 5 3 
4713 2 3 
4714 3 0 
4715 4 2 
4716 0 3 
4717 3 3 
4718 1 4 
4719 5 0 
4720 0 2 
4721 4 1 
4722 0 5 
4723 1 6 
4724 6 3 
4725 2 5 
4726 4 5 
4727 5 3 
4728 3 2 
4729 0 4 
4730 1 4 
4731 2 5 
4732 1 4 
4733 0 1 
4734 5 1 
4735 6 5 
4736 5 1 
4737 2 6 
4738 3 4 
4739 5 6 
4740 5 0 
4741 4 0 
4742 6 0 
4743 3 3 
4744 1 4 
4745 1 5 
4746 1 4 
4747 4 1 
4748 4 4 
4749 2 5 
4750 4 5 
4751 3 0 
4752 4 2 
4753 4 5 
4754 0 3 
4755 3 1 
4756 5 6 
4757 2 2 
4758 2 5 
4759 3 1 
4760 4 4 
4761 2 1 
4762 1 4 
4763 6 5 
4764 4 5 
4765 3 1 
4766 0 2 
4767 1 0 
4768 6 5 
4769 5 1 
4770 2 3 
4771 6 1 
4772 2 2 
4773 3 6 
4774 6 0 
4775 1 6 
4776 6 5 
4777 3 2 
4778 0 2 
4779 3 1 
4780 2 6 
4781 6 1 
4782 1 0 
4783 6 0 
4784 1 0 
4785 1 5 
4786 3 0 
4787 5 3 
4788 6 4 
4789 1 3 
4790 5 3 
4791 6 2 
4792 5 3 
4793 6 4 
4794 1 3 
4795 0 2 
4796 4 3 
4797 6 6 
4798 5 1 
4799 4 2 
4800 2 1 
4801 0 4 
4802 0 1 
4803 1 5 
4804 4 5 
4805 0 4 
4806 0 1 
4807 4 3 
4808 5 2 
4809 5 2 
4810 1 1 
4811 6 5 
4812 1 1 
4813 2 5 
4814 2 6 
4815 4 2 
4816 0 5 
4817 5 6 
4818 5 3 
4819 1 1 
4820 0 0 
4821 5 0 
4822 4 5 
4823 4 2 
4824 3 4 
4825 2 0 
4826 2 1 
4827 1 3 
4828 3 1 
4829 4 0 
4830 5 3 
4831 3 4 
4832 1 6 
4833 3 1 
4834 0 3 
4835 0 3 
4836 1 0 
4837 0 1 
4838 0 1 
4839 2 3 
4840 5 2 
4841 2 1 
4842 6 5 
4843 4 6 
4844 4 5 
4845 4 0 
4846 5 3 
4847 2 5 
4848 5 4 
4849 3 0 
4850 5 2 
4851 3 2 
4852 6 3 
4853 2 6 
4854 5 0 
4855 0 5 
4856 1 1 
4857 3 2 
4858 4 1 
4859 3 2 
4860 3 2 
4861 0 3 
4862 6 5 
4863 3 5 
4864 2 1 
4865 0 4 
4866 6 2 
4867 4 5 
4868 4 0 
4869 1 4 
4870 3 0 
4871 4 3 
4872 2 6 
4873 0 5 
4874 6 6 
4875 0 2 
4876 2 5 
4877 5 0 
4878 6 5 
4879 0 2 
4880 1 0 
4881 5 1 
4882 0 0 
4883 3 3 
4884 6 5 
4885 4 2 
4886 4 5 
4887 2 3 
4888 2 6 
4889 4 4 
4890 2 4 
4891 0 6 
4892 0 5 
4893 1 2 
4894 2 6 
4895 3 3 
4896 2 0 
4897 3 3 
4898 4 6 
4899 3 0 
4900 6 3 
4901 1 4 
4902 5 0 
4903 5 4 
4904 0 0 
4905 3 3 
4906 5 2 
4907 1 3 
4908 1 1 
4909 2 1 
4910 1 5 
4911 4 5 
4912 3 1 
4913 5 4 
4914 6 4 
4915 1 4 
4916 0 5 
4917 1 4 
4918 3 1 
4919 3 0 
4920 5 4 
4921 1 2 
4922 5 4 
4923 3 6 
4924 5 6 
4925 3 0 
4926 3 4 
4927 3 1 
4928 2 0 
4929 4 5 
4930 3 3 
4931 2 0 
4932 4 5 
4933 0 2 
4934 4 5 
4935 4 2 
4936 1 3 
4937 5 1 
4938 4 5 
4939 1 1 
4940 3 2 
4941 2 2 
4942 5 3 
4943 0 5 
4944 1 4 
4945 3 4 
4946 0 0 
4947 6 5 
4948 6 1 
4949 0 5 
4950 1 3 
4951 2 1 
4952 0 5 
4953 2 6 
4954 1 4 
4955 3 1 
4956 1 3 
4957 3 1 
4958 6 2 
4959 5 2 
4960 0 2 
4961 0 6 
4962 5 5 
4963 1 2 
4964 5 5 
4965 1 5 
4966 3 1 
4967 0 4 
4968 0 6 
4969 3 5 
4970 1 5 
4971 0 6 
4972 4 5 
4973 6 0 
4974 1 5 
4975 6 4 
4976 6 6 
4977 1 5 
4978 4 3 
4979 3 0 
4980 6 4 
4981 0 5 
4982 1 5 
4983 3 0 
4984 1 2 
4985 1 3 
4986 0 3 
4987 5 6 
4988 0 4 
4989 0 2 
4990 5 4 
4991 3 4 
4992 2 2 
4993 2 4 
4994 2 0 
4995 1 1 
4996 4 0 
4997 0 1 
4998 6 4 
4999 0 3 
5000 0 1 
5001 6 2 
5002 6 6 
5003 2 3 
5004 1 3 
5005 3 2 
5006 4 5 
5007 2 5 
5008 4 0 
5009 1 4 
5010 1 0 
5011 3 1 
5012 5 0 
5013 0 6 
5014 6 1 
5015 2 4 
5016 1 6 
5017 1 6 
5018 2 6 
5019 5 4 
5020 1 1 
5021 6 0 
5022 1 3 
5023 1 1 
5024 2 6 
5025 6 1 
5026 3 1 
5027 3 0 
5028 2 2 
5029 0 2 
5030 0 2 
5031 1 0 
5032 5 4 
5033 3 5 
5034 0 6 
5035 6 6 
5036 6 5 
5037 5 6 
5038 4 2 
5039 3 0 
5040 4 1 
5041 6 1 
5042 6 0 
5043 3 6 
5044 3 5 
5045 3 0 
5046 6 2 
5047 4 3 
5048 5 2 
5049 4 6 
5050 3 0 
5051 6 3 
5052 6 5 
5053 3 5 
5054 1 1 
5055 1 1 
5056 6 6 
5057 4 4 
5058 6 5 
5059 1 1 
5060 2 5 
5061 5 1 
5062 4 1 
5063 5 1 
5064 1 2 
5065 6 5 
5066 3 2 
5067 4 3 
5068 4 5 
5069 3 5 
5070 3 5 
5071 3 6 
5072 1 3 
5073 4 4 
5074 2 5 
5075 5 2 
5076 1 4 
5077 4 5 
5078 0 1 
5079 4 0 
5080 5 3 
5081 1 3 
5082 3 4 
5083 0 3 
5084 0 4 
5085 4 0 
5086 5 4 
5087 3 4 
5088 3 6 
5089 5 4 
5090 1 1 
5091 5 4 
5092 5 4 
5093 6 6 
5094 2 0 
5095 0 4 
5096 5 6 
5097 6 3 
5098 0 4 
5099 4 4 
5100 5 3 
5101 5 3 
5102 3 1 
5103 1 3 
5104 4 0 
5105 4 1 
5106 3 4 
5107 0 6 
5108 1 2 
5109 3 4 
5110 5 5 
5111 6 1 
5112 5 0 
5113 5 5 
5114 5 1 
5115 6 0 
5116 4 1 
5117 0 2 
5118 4 1 
5119 3 3 
5120 1 3 
5121 5 4 
5122 2 5 
5123 1 5 
5124 6 0 
5125 4 0 
5126 2 4 
5127 5 6 
5128 0 0 
5129 0 3 
5130 4 4 
5131 4 0 
5132 3 0 
5133 6 5 
5134 5 2 
5135 4 3 
5136 2 4 
5137 6 3 
5138 1 2 
5139 2 1 
5140 2 0 
5141 1 5 
5142 4 2 
5143 6 6 
5144 4 5 
5145 6 6 
5146 2 2 
5147 4 2 
5148 0 3 
5149 6 0 
5150 1 6 
5151 3 1 
5152 3 4 
5153 3 3 
5154 2 6 
5155 2 5 
5156 6 3 
5157 5 1 
5158 4 0 
5159 1 5 
5160 4 1 
5161 1 1 
5162 0 6 
5163 4 5 
5164 0 5 
5165 1 4 
5166 4 1 
5167 6 5 
5168 2 1 
5169 3 2 
5170 0 4 
5171 3 4 
5172 3 2 
5173 1 3 
5174 6 1 
5175 1 5 
5176 0 5 
5177 6 3 
5178 5 0 
5179 0 0 
5180 6 0 
5181 1 3 
5182 6 1 
5183 1 5 
5184 5 4 
5185 0 0 
5186 0 3 
5187 6 1 
5188 3 5 
5189 1 1 
5190 4 5 
5191 4 2 
5192 2 6 
5193 6 5 
5194 4 1 
5195 6 2 
5196 4 6 
5197 0 1 
5198 6 6 
5199 3 4 
5200 4 4 
5201 6 6 
5202 0 1 
5203 1 4 
5204 1 3 
5205 3 0 
5206 1 4 
5207 4 5 
5208 6 3 
5209 2 2 
5210 1 2 
5211 1 1 
5212 1 3 
5213 4 0 
5214 6 1 
5215 5 4 
5216 3 4 
5217 0 3 
5218 2 1 
5219 0 4 
5220 1 4 
5221 6 5 
5222 1 0 
5223 3 5 
5224 3 3 
5225 3 6 
5226 1 2 
5227 3 5 
5228 3 0 
5229 5 1 
5230 5 1 
5231 6 1 
5232 3 1 
5233 1 0 
5234 2 6 
5235 4 2 
5236 5 0 
5237 1 0 
5238 0 2 
5239 3 6 
5240 6 1 
5241 3 5 
5242 3 1 
5243 4 6 
5244 4 3 
5245 5 5 
5246 4 3 
5247 4 2 
5248 5 1 
5249 6 1 
5250 6 6 
5251 3 4 
5252 6 1 
5253 0 3 
5254 6 0 
5255 4 0 
5256 6 6 
5257 0 5 
5258 1 0 
5259 1 5 
5260 6 0 
5261 5 3 
5262 2 5 
5263 4 6 
5264 0 5 
5265 6 5 
5266 2 1 
5267 0 5 
5268 0 3 
5269 3 6 
5270 4 3 
5271 0 6 
5272 3 2 
5273 0 1 
5274 4 3 
5275 5 4 
5276 1 4 
5277 2 6 
5278 5 3 
5279 6 1 
5280 1 1 
5281 4 0 
5282 6 6 
5283 2 0 
5284 0 6 
5285 1 5 
5286 3 6 
5287 1 6 
5288 5 0 
5289 4 4 
5290 4 0 
5291 3 6 
5292 6 2 
5293 2 0 
5294 5 0 
5295 3 0 
5296 2 5 
5297 2 6 
5298 2 1 
5299 5 3 
5300 1 4 
5301 6 4 
5302 1 2 
5303 3 5 
5304 1 5 
5305 4 5 
5306 0 0 
5307 0 6 
5308 4 3 
5309 0 1 
5310 2 1 
5311 3 4 
5312 4 1 
5313 1 0 
5314 1 2 
5315 2 4 
5316 0 3 
5317 5 4 
5318 3 2 
5319 2 1 
5320 5 1 
5321 2 0 
5322 3 2 
5323 3 4 
5324 5 3 
5325 5 2 
5326 4 6 
5327 2 1 
5328 3 1 
5329 4 5 
5330 4 2 
5331 5 1 
5332 2 0 
5333 1 5 
5334 4 2 
5335 0 5 
5336 5 1 
5337 0 4 
5338 1 5 
5339 0 6 
5340 4 1 
5341 1 0 
5342 5 6 
5343 0 5 
5344 1 5 
5345 4 2 
5346 0 5 
5347 3 1 
5348 0 5 
5349 2 0 
5350 4 2 
5351 5 1 
5352 1 1 
5353 6 6 
5354 6 6 
5355 3 2 
5356 6 3 
5357 4 0 
5358 4 0 
5359 2 3 
5360 5 5 
5361 6 6 
5362 1 0 
5363 6 3 
5364 4 1 
5365 3 2 
5366 5 4 
5367 4 1 
5368 4 2 
5369 1 5 
5370 2 6 
5371 5 1 
5372 1 2 
5373 1 5 
5374 6 4 
5375 0 3 
5376 2 2 
5377 2 1 
5378 0 3 
5379 0 6 
5380 5 0 
5381 5 4 
5382 1 3 
5383 1 1 
5384 3 6 
5385 0 6 
5386 6 1 
5387 4 5 
5388 1 4 
5389 2 0 
5390 5 6 
5391 0 0 
5392 0 3 
5393 4 0 
5394 0 4 
5395 0 6 
5396 6 0 
5397 1 6 
5398 6 1 
5399 6 4 
5400 6 1 
5401 5 6 
5402 5 4 
5403 0 4 
5404 2 0 
5405 3 3 
5406 6 6 
5407 6 3 
5408 6 2 
5409 0 1 
5410 5 1 
5411 3 3 
5412 5 6 
5413 0 1 
5414 5 6 
5415 2 4 
5416 2 0 
5417 4 0 
5418 1 4 
5419 2 2 
5420 6 3 
5421 1 5 
5422 5 6 
5423 3 1 
5424 0 1 
5425 1 5 
5426 6 4 
5427 4 1 
5428 5 3 
5429 4 6 
5430 6 4 
5431 4 0 
5432 3 0 
5433 5 6 
5434 4 2 
5435 3 3 
5436 3 5 
5437 0 0 
5438 3 3 
5439 5 0 
5440 1 0 
5441 5 5 
5442 6 2 
5443 5 1 
5444 6 3 
5445 4 0 
5446 5 5 
5447 2 6 
5448 3 1 
5449 3 2 
5450 1 6 
5451 1 4 
5452 6 3 
5453 0 6 
5454 6 6 
5455 5 2 
5456 6 4 
5457 0 5 
5458 5 2 
5459 5 4 
5460 1 0 
5461 4 0 
5462 0 4 
5463 3 1 
5464 0 2 
5465 5 0 
5466 4 6 
5467 6 5 
5468 1 1 
5469 3 2 
5470 4 4 
5471 2 0 
5472 1 5 
5473 3 5 
5474 4 0 
5475 0 5 
5476 3 0 
5477 5 3 
5478 2 5 
5479 5 0 
5480 5 4 
5481 3 4 
5482 4 4 
5483 2 3 
5484 3 1 
5485 5 0 
5486 6 6 
5487 1 0 
5488 4 5 
5489 2 6 
5490 5 2 
5491 4 1 
5492 4 4 
5493 6 4 
5494 0 4 
5495 4 6 
5496 1 0 
5497 2 6 
5498 2 6 
5499 2 6 
5500 4 1 
5501 6 1 
5502 5 3 
5503 3 2 
5504 2 3 
5505 3 5 
5506 5 6 
5507 6 4 
5508 2 3 
5509 3 6 
5510 6 0 
5511 3 5 
5512 1 1 
5513 4 5 
5514 2 5 
5515 3 5 
5516 6 4 
5517 6 5 
5518 0 1 
5519 6 2 
5520 2 6 
5521 6 4 
5522 3 6 
5523 0 0 
5524 3 2 
5525 1 6 
5526 6 3 
5527 6 2 
5528 1 2 
5529 6 0 
5530 3 0 
5531 6 6 
5532 5 1 
5533 0 0 
5534 1 5 
5535 4 6 
5536 0 3 
5537 4 5 
5538 3 6 
5539 3 5 
5540 2 0 
5541 3 2 
5542 0 4 
5543 4 0 
5544 3 1 
5545 0 0 
5546 2 4 
5547 5 0 
5548 3 4 
5549 0 3 
5550 0 2 
5551 0 2 
5552 3 1 
5553 2 6 
5554 4 3 
5555 0 1 
5556 5 5 
5557 5 6 
5558 0 0 
5559 1 1 
5560 0 4 
5561 3 1 
5562 4 5 
5563 2 1 
5564 3 3 
5565 2 1 
5566 4 1 
5567 2 1 
5568 1 3 
5569 4 1 
5570 0 1 
5571 3 5 
5572 2 3 
5573 5 4 
5574 6 1 
5575 4 1 
5576 2 0 
5577 0 1 
5578 0 5 
5579 6 5 
5580 1 1 
5581 5 1 
5582 5 4 
5583 1 6 
5584 2 1 
5585 1 0 
5586 1 2 
5587 2 6 
5588 6 3 
5589 2 4 
5590 2 5 
5591 5 6 
5592 4 0 
5593 1 1 
5594 3 4 
5595 3 3 
5596 6 6 
5597 2 2 
5598 6 3 
5599 0 4 
5600 4 6 
5601 5 3 
5602 2 1 
5603 5 3 
5604 2 0 
5605 5 6 
5606 0 3 
5607 1 1 
5608 3 5 
5609 0 3 
5610 5 2 
5611 2 6 
5612 5 5 
5613 6 6 
5614 1 2 
5615 0 2 
5616 4 2 
5617 6 2 
5618 4 5 
5619 2 1 
5620 3 3 
5621 1 5 
5622 2 1 
5623 6 5 
5624 1 5 
5625 0 0 
5626 4 5 
5627 5 3 
5628 2 0 
5629 0 1 
5630 3 2 
5631 1 0 
5632 5 4 
5633 5 0 
5634 0 0 
5635 0 5 
5636 2 1 
5637 3 5 
5638 0 2 
5639 1 5 
5640 0 5 
5641 1 1 
5642 4 5 
5643 3 1 
5644 4 1 
5645 0 5 
5646 2 3 
5647 3 4 
5648 4 0 
5649 1 6 
5650 0 2 
5651 4 4 
5652 0 6 
5653 1 6 
5654 6 5 
5655 4 4 
5656 2 5 
5657 1 1 
5658 0 2 
5659 3 1 
5660 5 1 
5661 4 4 
5662 1 4 
5663 0 0 
5664 4 5 
5665 3 3 
5666 6 1 
5667 0 3 
5668 5 3 
5669 6 0 
5670 0 3 
5671 1 4 
5672 6 6 
5673 0 3 
5674 1 1 
5675 3 0 
5676 0 2 
5677 4 6 
5678 4 6 
5679 5 0 
5680 0 3 
5681 6 6 
5682 0 1 
5683 5 5 
5684 1 0 
5685 5 0 
5686 1 1 
5687 3 6 
5688 3 6 
5689 5 2 
5690 1 5 
5691 1 2 
5692 3 3 
5693 2 4 
5694 2 5 
5695 1 2 
5696 5 6 
5697 4 1 
5698 5 5 
5699 4 5 
5700 0 5 
5701 4 1 
5702 2 5 
5703 5 4 
5704 1 3 
5705 0 0 
5706 2 6 
5707 5 4 
5708 4 2 
5709 1 6 
5710 4 6 
5711 4 3 
5712 3 1 
5713 5 1 
5714 3 5 
5715 0 6 
5716 3 1 
5717 4 6 
5718 1 4 
5719 3 2 
5720 6 0 
5721 0 2 
5722 1 4 
5723 5 1 
5724 4 6 
5725 0 2 
5726 1 6 
5727 5 2 
5728 1 5 
5729 0 4 
5730 1 2 
5731 4 0 
5732 5 2 
5733 2 2 
5734 6 1 
5735 2 0 
5736 3 4 
5737 2 5 
5738 2 1 
5739 4 4 
5740 0 6 
5741 6 2 
5742 3 1 
5743 5 4 
5744 6 6 
5745 1 3 
5746 5 6 
5747 1 3 
5748 4 2 
5749 4 0 
5750 5 6 
5751 5 6 
5752 5 6 
5753 1 6 
5754 6 5 
5755 6 3 
5756 2 6 
5757 0 0 
5758 2 5 
5759 2 5 
5760 2 6 
5761 6 5 
5762 0 6 
5763 1 0 
5764 6 1 
5765 1 3 
5766 2 3 
5767 3 6 
5768 5 0 
5769 5 2 
5770 1 1 
5771 0 6 
5772 2 3 
5773 1 0 
5774 1 6 
5775 5 0 
5776 3 6 
5777 2 2 
5778 3 3 
5779 1 3 
5780 4 6 
5781 3 4 
5782 3 3 
5783 6 1 
5784 2 3 
5785 5 1 
5786 0 1 
5787 3 2 
5788 6 5 
5789 2 0 
5790 6 1 
5791 2 3 
5792 0 0 
5793 2 5 
5794 4 0 
5795 6 1 
5796 1 1 
5797 6 1 
5798 4 6 
5799 5 2 
5800 0 3 
5801 1 2 
5802 6 0 
5803 4 2 
5804 2 3 
5805 0 4 
5806 4 6 
5807 4 5 
5808 4 2 
5809 0 1 
5810 1 3 
5811 4 0 
5812 0 4 
5813 3 1 
5814 4 0 
5815 2 3 
5816 5 5 
5817 1 5 
5818 5 1 
5819 0 5 
5820 0 6 
5821 3 6 
5822 0 3 
5823 0 2 
5824 2 3 
5825 4 0 
5826 6 0 
5827 1 4 
5828 5 2 
5829 1 1 
5830 5 1 
5831 1 4 
5832 6 0 
5833 2 5 
5834 2 6 
5835 6 0 
5836 5 0 
5837 6 3 
5838 0 3 
5839 0 1 
5840 5 6 
5841 4 1 
5842 6 4 
5843 5 2 
5844 0 1 
5845 6 1 
5846 2 3 
5847 1 0 
5848 4 1 
5849 2 6 
5850 4 1 
5851 6 1 
5852 3 4 
5853 6 0 
5854 0 1 
5855 5 3 
5856 0 5 
5857 3 2 
5858 5 5 
5859 3 3 
5860 6 4 
5861 5 5 
5862 3 1 
5863 0 3 
5864 2 2 
5865 5 1 
5866 2 3 
5867 0 5 
5868 3 1 
5869 4 0 
5870 1 3 
5871 1 6 
5872 4 1 
5873 0 0 
5874 6 0 
5875 0 1 
5876 4 5 
5877 3 2 
5878 3 0 
5879 0 2 
5880 4 1 
5881 6 4 
5882 3 1 
5883 4 3 
5884 1 0 
5885 3 4 
5886 3 2 
5887 2 4 
5888 5 4 
5889 6 5 
5890 2 2 
5891 0 4 
5892 3 3 
5893 5 4 
5894 2 0 
5895 2 0 
5896 3 1 
5897 2 4 
5898 0 0 
5899 3 6 
5900 0 0 
5901 6 3 
5902 3 4 
5903 6 6 
5904 1 5 
5905 2 6 
5906 0 1 
5907 0 4 
5908 0 1 
5909 6 3 
5910 0 4 
5911 5 4 
5912 3 3 
5913 5 5 
5914 5 3 
5915 3 6 
5916 4 3 
5917 0 0 
5918 4 1 
5919 4 3 
5920 1 1 
5921 4 6 
5922 5 4 
5923 6 4 
5924 5 0 
5925 6 4 
5926 2 0 
5927 5 1 
5928 1 4 
5929 0 3 
5930 0 1 
5931 6 1 
5932 6 4 
5933 1 2 
5934 1 1 
5935 6 0 
5936 1 3 
5937 1 3 
5938 4 5 
5939 6 6 
5940 1 5 
5941 2 5 
5942 3 4 
5943 0 1 
5944 5 5 
5945 6 6 
5946 2 6 
5947 6 1 
5948 6 4 
5949 5 3 
5950 6 0 
5951 4 1 
5952 4 2 
5953 5 2 
5954 3 5 
5955 6 6 
5956 5 1 
5957 1 4 
5958 5 6 
5959 0 5 
5960 5 0 
5961 4 0 
5962 6 2 
5963 1 2 
5964 4 6 
5965 2 6 
5966 4 1 
5967 0 0 
5968 2 6 
5969 3 1 
5970 2 5 
5971 1 4 
5972 5 2 
5973 5 3 
5974 2 0 
5975 2 1 
5976 2 5 
5977 6 2 
5978 6 0 
5979 6 3 
5980 1 4 
5981 2 0 
5982 3 2 
5983 3 2 
5984 0 3 
5985 1 4 
5986 4 1 
5987 2 5 
5988 0 1 
5989 2 5 
5990 0 4 
5991 0 1 
5992 2 3 
5993 6 0 
5994 1 6 
5995 3 4 
5996 2 0 
5997 5 2 
5998 6 2 
5999 5 0 
6000 3 2 
6001 5 2 
6002 2 0 
6003 6 1 
6004 0 0 
6005 4 5 
6006 1 0 
6007 4 2 
6008 2 2 
6009 6 1 
6010 5 3 
6011 3 5 
6012 2 1 
6013 0 5 
6014 3 5 
6015 1 6 
6016 6 6 
6017 1 5 
6018 4 6 
6019 2 4 
6020 0 5 
6021 6 6 
6022 6 5 
6023 2 6 
6024 0 1 
6025 1 6 
6026 5 4 
6027 1 4 
6028 1 3 
6029 6 2 
6030 2 1 
6031 5 3 
6032 3 6 
6033 4 0 
6034 5 3 
6035 2 0 
6036 0 5 
6037 1 4 
6038 6 4 
6039 5 5 
6040 6 1 
6041 0 3 
6042 1 6 
6043 1 3 
6044 0 0 
6045 4 0 
6046 5 1 
6047 6 4 
6048 0 3 
6049 0 0 
6050 0 3 
6051 3 5 
6052 4 4 
6053 1 4 
6054 2 1 
6055 4 1 
6056 2 0 
6057 4 4 
6058 6 6 
6059 5 5 
6060 0 2 
6061 6 6 
6062 0 1 
6063 5 0 
6064 0 2 
6065 0 6 
6066 6 6 
6067 4 2 
6068 3 6 
6069 5 0 
6070 2 1 
6071 2 5 
6072 2 0 
6073 1 5 
6074 6 1 
6075 5 6 
6076 4 2 
6077 2 1 
6078 2 5 
6079 6 4 
6080 3 6 
6081 0 4 
6082 4 1 
6083 1 3 
6084 3 1 
6085 2 4 
6086 0 3 
6087 2 3 
6088 3 1 
6089 1 4 
6090 0 6 
6091 4 1 
6092 6 2 
6093 6 6 
6094 5 6 
6095 1 0 
6096 3 3 
6097 1 6 
6098 0 3 
6099 3 2 
6100 5 1 
6101 3 4 
6102 1 2 
6103 6 0 
6104 3 0 
6105 3 0 
6106 2 0 
6107 4 4 
6108 1 3 
6109 0 4 
6110 0 2 
6111 4 5 
6112 4 5 
6113 0 3 
6114 3 2 
6115 6 1 
6116 4 0 
6117 4 1 
6118 4 1 
6119 2 2 
6120 4 4 
6121 2 3 
6122 4 0 
6123 4 5 
6124 5 6 
6125 2 5 
6126 2 2 
6127 4 6 
6128 1 5 
6129 3 6 
6130 0 0 
6131 4 2 
6132 6 1 
6133 4 6 
6134 4 0 
6135 5 2 
6136 4 6 
6137 2 1 
6138 6 2 
6139 0 4 
6140 6 1 
6141 1 1 
6142 1 6 
6143 4 4 
6144 0 4 
6145 6 0 
6146 5 4 
6147 0 5 
6148 1 2 
6149 6 6 
6150 1 6 
6151 6 1 
6152 0 6 
6153 0 0 
6154 3 2 
6155 3 0 
6156 5 5 
6157 6 6 
6158 1 0 
6159 3 0 
6160 6 6 
6161 1 4 
6162 0 6 
6163 4 1 
6164 4 5 
6165 1 5 
6166 5 4 
6167 4 0 
6168 1 1 
6169 2 2 
6170 5 6 
6171 5 4 
6172 6 5 
6173 3 0 
6174 4 3 
6175 3 1 
6176 2 4 
6177 3 0 
6178 3 2 
6179 3 4 
6180 6 6 
6181 0 0 
6182 5 1 
6183 5 1 
6184 5 6 
6185 0 6 
6186 3 4 
6187 0 3 
6188 2 6 
6189 6 2 
6190 6 4 
6191 0 6 
6192 1 4 
6193 1 6 
6194 1 2 
6195 5 4 
6196 6 4 
6197 5 2 
6198 3 5 
6199 2 0 
6200 4 5 
6201 6 0 
6202 6 2 
6203 5 4 
6204 1 2 
6205 2 4 
6206 4 3 
6207 5 0 
6208 0 4 
6209 3 3 
6210 6 4 
6211 5 6 
6212 4 0 
6213 6 1 
6214 1 0 
6215 4 0 
6216 2 3 
6217 5 0 
6218 0 6 
6219 4 3 
6220 0 0 
6221 5 6 
6222 3 2 
6223 0 1 
6224 1 4 
6225 2 4 
6226 0 2 
6227 1 3 
6228 3 3 
6229 0 2 
6230 6 6 
6231 4 2 
6232 3 0 
6233 0 3 
6234 3 3 
6235 6 1 
6236 3 2 
6237 2 6 
6238 4 2 
6239 3 5 
6240 6 0 
6241 0 0 
6242 3 0 
6243 0 2 
6244 1 2 
6245 2 2 
6246 4 3 
6247 0 6 
6248 0 1 
6249 0 0 
6250 0 1 
6251 6 6 
6252 4 2 
6253 0 0 
6254 1 5 
6255 0 2 
6256 1 6 
6257 2 5 
6258 0 0 
6259 3 1 
6260 4 6 
6261 1 3 
6262 5 3 
6263 3 0 
6264 4 1 
6265 4 0 
6266 3 6 
6267 3 5 
6268 1 6 
6269 3 4 
6270 3 5 
6271 4 4 
6272 0 5 
6273 2 1 
6274 5 0 
6275 1 2 
6276 4 6 
6277 2 1 
6278 0 5 
6279 1 3 
6280 5 1 
6281 1 3 
6282 2 3 
6283 1 2 
6284 0 5 
6285 1 3 
6286 1 4 
6287 6 6 
6288 6 5 
6289 4 0 
6290 6 5 
6291 0 3 
6292 3 2 
6293 5 0 
6294 5 3 
6295 0 0 
6296 1 0 
6297 5 0 
6298 3 2 
6299 2 5 
6300 0 2 
6301 0 0 
6302 0 6 
6303 5 6 
6304 0 6 
6305 5 1 
6306 3 2 
6307 0 4 
6308 1 4 
6309 1 4 
6310 0 5 
6311 6 1 
6312 2 5 
6313 6 0 
6314 1 5 
6315 1 1 
6316 6 3 
6317 4 2 
6318 0 3 
6319 3 1 
6320 1 5 
6321 0 2 
6322 4 3 
6323 4 6 
6324 5 5 
6325 3 4 
6326 0 1 
6327 5 2 
6328 3 6 
6329 0 6 
6330 0 0 
6331 4 5 
6332 5 0 
6333 1 5 
6334 3 5 
6335 5 4 
6336 5 1 
6337 3 6 
6338 6 6 
6339 0 4 
6340 5 3 
6341 5 4 
6342 1 5 
6343 4 5 
6344 5 4 
6345 3 5 
6346 6 4 
6347 4 3 
6348 5 1 
6349 6 5 
6350 2 2 
6351 0 5 
6352 5 2 
6353 5 6 
6354 1 6 
6355 2 0 
6356 1 3 
6357 5 4 
6358 2 4 
6359 4 4 
6360 4 6 
6361 1 1 
6362 2 5 
6363 5 2 
6364 6 0 
6365 6 2 
6366 3 5 
6367 6 4 
6368 2 1 
6369 6 1 
6370 0 2 
6371 2 0 
6372 5 3 
6373 4 2 
6374 6 4 
6375 2 2 
6376 6 0 
6377 6 1 
6378 3 6 
6379 2 6 
6380 2 4 
6381 3 1 
6382 6 3 
6383 1 2 
6384 0 1 
6385 6 3 
6386 5 6 
6387 0 4 
6388 3 4 
6389 4 0 
6390 4 2 
6391 6 1 
6392 2 5 
6393 2 6 
6394 1 6 
6395 4 6 
6396 5 4 
6397 4 3 
6398 6 5 
6399 1 6 
6400 2 5 
6401 2 1 
6402 0 5 
6403 4 6 
6404 2 0 
6405 5 3 
6406 4 4 
6407 3 6 
6408 0 1 
6409 1 0 
6410 4 0 
6411 2 3 
6412 5 5 
6413 6 4 
6414 6 6 
6415 6 3 
6416 6 6 
6417 3 2 
6418 0 6 
6419 5 6 
6420 2 6 
6421 1 5 
6422 0 5 
6423 1 1 
6424 6 4 
6425 0 4 
6426 4 6 
6427 5 2 
6428 1 0 
6429 3 2 
6430 3 2 
6431 4 4 
6432 0 5 
6433 4 1 
6434 2 3 
6435 4 3 
6436 6 0 
6437 0 4 
6438 1 4 
6439 1 2 
6440 2 4 
6441 0 3 
6442 2 4 
6443 4 1 
6444 4 4 
6445 2 5 
6446 6 1 
6447 4 4 
6448 3 3 
6449 4 1 
6450 0 2 
6451 6 6 
6452 2 5 
6453 0 0 
6454 2 6 
6455 2 2 
6456 3 2 
6457 6 2 
6458 5 2 
6459 4 1 
6460 5 4 
6461 4 0 
6462 3 3 
6463 5 5 
6464 6 5 
6465 5 0 
6466 6 2 
6467 1 1 
6468 4 2 
6469 0 3 
6470 5 3 
6471 1 2 
6472 1 5 
6473 3 2 
6474 4 4 
6475 3 5 
6476 4 5 
6477 6 2 
6478 6 2 
6479 4 4 
6480 6 4 
6481 0 5 
6482 3 5 
6483 5 3 
6484 2 6 
6485 5 5 
6486 2 5 
6487 3 0 
6488 4 1 
6489 6 6 
6490 4 5 
6491 4 3 
6492 3 2 
6493 1 2 
6494 3 1 
6495 3 6 
6496 6 0 
6497 0 3 
6498 1 2 
6499 2 3 
6500 6 3 
6501 1 1 
6502 6 2 
6503 4 5 
6504 5 2 
6505 4 6 
6506 6 3 
6507 6 1 
6508 4 0 
6509 6 3 
6510 2 0 
6511 1 3 
6512 0 0 
6513 4 4 
6514 0 6 
6515 3 4 
6516 2 3 
6517 3 3 
6518 1 6 
6519 0 0 
6520 0 0 
6521 2 2 
6522 3 2 
6523 5 3 
6524 5 2 
6525 2 5 
6526 2 1 
6527 3 1 
6528 5 2 
6529 0 2 
6530 5 1 
6531 6 5 
6532 3 3 
6533 5 4 
6534 0 3 
6535 0 5 
6536 0 4 
6537 0 3 
6538 4 2 
6539 6 1 
6540 1 4 
6541 6 5 
6542 6 6 
6543 2 4 
6544 2 0 
6545 6 1 
6546 0 6 
6547 6 1 
6548 4 1 
6549 5 5 
6550 4 4 
6551 5 0 
6552 0 0 
6553 4 1 
6554 1 3 
6555 5 3 
6556 2 0 
6557 4 1 
6558 5 0 
6559 0 0 
6560 3 0 
6561 5 5 
6562 2 3 
6563 2 3 
6564 1 2 
6565 1 5 
6566 1 2 
6567 4 5 
6568 6 0 
6569 4 2 
6570 6 6 
6571 4 1 
6572 1 3 
6573 6 2 
6574 4 0 
6575 4 2 
6576 1 5 
6577 5 1 
6578 0 6 
6579 0 3 
6580 4 6 
6581 1 2 
6582 5 6 
6583 4 5 
6584 1 1 
6585 4 3 
6586 5 2 
6587 3 6 
6588 1 3 
6589 1 1 
6590 3 4 
6591 6 0 
6592 6 4 
6593 3 6 
6594 3 0 
6595 6 5 
6596 5 2 
6597 1 1 
6598 0 4 
6599 2 5 
6600 0 4 
6601 3 1 
6602 2 6 
6603 1 5 
6604 0 2 
6605 1 2 
6606 1 3 
6607 1 3 
6608 0 4 
6609 5 4 
6610 4 0 
6611 5 0 
6612 1 4 
6613 3 1 
6614 5 0 
6615 6 1 
6616 3 4 
6617 4 0 
6618 5 6 
6619 3 5 
6620 6 2 
6621 5 1 
6622 3 2 
6623 5 2 
6624 6 2 
6625 2 2 
6626 4 1 
6627 0 3 
6628 5 6 
6629 4 4 
6630 5 3 
6631 0 6 
6632 4 0 
6633 6 1 
6634 6 4 
6635 6 3 
6636 6 4 
6637 3 5 
6638 6 3 
6639 3 6 
6640 5 1 
6641 0 4 
6642 0 2 
6643 0 0 
6644 3 0 
6645 5 1 
6646 2 3 
6647 6 6 
6648 5 3 
6649 6 5 
6650 5 4 
6651 2 2 
6652 1 1 
6653 5 4 
6654 6 2 
6655 2 1 
6656 0 5 
6657 6 6 
6658 5 4 
6659 1 5 
6660 1 3 
6661 3 6 
6662 4 6 
6663 4 6 
6664 1 3 
6665 2 3 
6666 1 5 
6667 3 1 
6668 1 3 
6669 0 3 
6670 4 4 
6671 2 3 
6672 0 1 
6673 5 4 
6674 1 0 
6675 1 2 
6676 5 1 
6677 6 0 
6678 5 1 
6679 0 5 
6680 0 2 
6681 2 1 
6682 6 4 
6683 6 5 
6684 0 4 
6685 2 3 
6686 3 2 
6687 4 6 
6688 4 3 
6689 5 1 
6690 6 1 
6691 3 1 
6692 3 3 
6693 0 1 
6694 0 1 
6695 2 4 
6696 3 1 
6697 4 0 
6698 2 6 
6699 0 4 
6700 4 1 
6701 0 0 
6702 3 3 
6703 0 1 
6704 0 3 
6705 5 3 
6706 5 3 
6707 6 2 
6708 4 6 
6709 0 5 
6710 5 5 
6711 4 3 
6712 4 1 
6713 5 1 
6714 4 5 
6715 4 6 
6716 4 0 
6717 1 3 
6718 6 0 
6719 4 6 
6720 2 3 
6721 5 0 
6722 0 3 
6723 2 4 
6724 2 1 
6725 5 3 
6726 1 2 
6727 1 1 
6728 2 4 
6729 6 4 
6730 5 5 
6731 4 0 
6732 2 4 
6733 6 0 
6734 6 4 
6735 3 3 
6736 6 3 
6737 2 5 
6738 5 1 
6739 6 5 
6740 4 5 
6741 3 6 
6742 0 0 
6743 2 4 
6744 2 5 
6745 4 2 
6746 1 3 
6747 4 3 
6748 4 2 
6749 3 0 
6750 2 0 
6751 1 6 
6752 6 3 
6753 5 1 
6754 5 4 
6755 1 2 
6756 5 6 
6757 2 0 
6758 5 5 
6759 5 4 
6760 0 4 
6761 4 3 
6762 0 3 
6763 6 1 
6764 0 3 
6765 1 2 
6766 5 1 
6767 1 3 
6768 4 3 
6769 3 3 
6770 4 3 
6771 4 5 
6772 0 2 
6773 0 2 
6774 2 5 
6775 3 5 
6776 4 6 
6777 2 0 
6778 4 3 
6779 0 6 
6780 5 1 
6781 1 3 
6782 0 0 
6783 4 5 
6784 1 6 
6785 2 6 
6786 5 0 
6787 6 2 
6788 5 1 
6789 4 3 
6790 4 0 
6791 0 5 
6792 0 3 
6793 5 0 
6794 0 6 
6795 5 1 
6796 5 0 
6797 4 5 
6798 3 3 
6799 2 1 
6800 0 0 
6801 0 3 
6802 2 6 
6803 2 4 
6804 1 6 
6805 6 1 
6806 4 1 
6807 1 3 
6808 1 4 
6809 2 0 
6810 6 5 
6811 4 1 
6812 2 6 
6813 3 2 
6814 6 0 
6815 1 5 
6816 1 0 
6817 4 5 
6818 2 0 
6819 2 2 
6820 6 3 
6821 6 0 
6822 1 5 
6823 0 2 
6824 5 5 
6825 2 2 
6826 6 3 
6827 4 0 
6828 2 1 
6829 1 0 
6830 1 3 
6831 4 4 
6832 0 2 
6833 5 3 
6834 0 5 
6835 0 0 
6836 0 4 
6837 6 1 
6838 3 6 
6839 1 0 
6840 2 1 
6841 4 5 
6842 2 1 
6843 5 2 
6844 5 6 
6845 3 0 
6846 4 3 
6847 6 0 
6848 0 4 
6849 3 0 
6850 5 6 
6851 4 3 
6852 3 5 
6853 1 2 
6854 6 4 
6855 4 0 
6856 6 4 
6857 0 4 
6858 2 3 
6859 6 2 
6860 2 5 
6861 5 5 
6862 5 4 
6863 2 6 
6864 3 1 
6865 5 1 
6866 2 6 
6867 1 6 
6868 6 3 
6869 1 1 
6870 5 4 
6871 1 6 
6872 5 4 
6873 6 3 
6874 5 6 
6875 1 5 
6876 0 2 
6877 5 2 
6878 2 1 
6879 3 4 
6880 3 5 
6881 5 4 
6882 4 3 
6883 6 6 
6884 0 6 
6885 1 3 
6886 6 6 
6887 1 5 
6888 6 6 
6889 4 5 
6890 3 2 
6891 5 5 
6892 5 4 
6893 4 6 
6894 0 3 
6895 4 6 
6896 0 6 
6897 0 5 
6898 4 6 
6899 2 4 
6900 6 0 
6901 6 6 
6902 6 0 
6903 2 0 
6904 1 0 
6905 4 1 
6906 0 3 
6907 0 5 
6908 2 0 
6909 2 2 
6910 5 2 
6911 0 1 
6912 3 1 
6913 5 1 
6914 0 2 
6915 3 2 
6916 0 5 
6917 1 5 
6918 0 3 
6919 6 2 
6920 0 6 
6921 6 0 
6922 1 5 
6923 6 1 
6924 1 2 
6925 5 0 
6926 0 6 
6927 0 2 
6928 2 0 
6929 6 0 
6930 6 5 
6931 0 1 
6932 5 1 
6933 2 6 
6934 3 1 
6935 6 4 
6936 2 1 
6937 3 4 
6938 2 0 
6939 1 2 
6940 2 4 
6941 2 5 
6942 5 0 
6943 1 5 
6944 5 6 
6945 6 3 
6946 4 1 
6947 3 2 
6948 2 3 
6949 5 6 
6950 2 6 
6951 3 6 
6952 2 0 
6953 1 4 
6954 2 1 
6955 5 2 
6956 1 6 
6957 4 3 
6958 4 5 
6959 3 1 
6960 4 0 
6961 3 1 
6962 6 5 
6963 2 2 
6964 4 0 
6965 1 6 
6966 4 2 
6967 6 4 
6968 0 0 
6969 3 0 
6970 0 5 
6971 2 6 
6972 0 4 
6973 2 5 
6974 4 3 
6975 5 3 
6976 2 2 
6977 2 3 
6978 5 6 
6979 1 3 
6980 2 6 
6981 5 5 
6982 1 3 
6983 0 4 
6984 6 3 
6985 3 1 
6986 6 4 
6987 0 4 
6988 3 0 
6989 1 6 
6990 2 0 
6991 5 1 
6992 4 0 
6993 0 0 
6994 3 1 
6995 0 5 
6996 4 6 
6997 1 1 
6998 2 4 
6999 2 4 
7000 6 1 
7001 4 2 
7002 2 5 
7003 3 4 
7004 1 6 
7005 0 2 
7006 4 4 
7007 4 3 
7008 0 0 
7009 6 2 
7010 2 4 
7011 5 3 
7012 2 3 
7013 2 5 
7014 3 6 
7015 3 1 
7016 5 1 
7017 2 0 
7018 1 1 
7019 3 0 
7020 3 3 
7021 3 1 
7022 0 4 
7023 3 6 
7024 1 2 
7025 2 0 
7026 6 3 
7027 4 0 
7028 5 4 
7029 3 1 
7030 1 0 
7031 4 5 
7032 2 3 
7033 3 0 
7034 2 2 
7035 3 5 
7036 2 1 
7037 4 1 
7038 0 1 
7039 0 6 
7040 2 4 
7041 2 6 
7042 4 6 
7043 6 1 
7044 4 1 
7045 5 3 
7046 5 2 
7047 1 0 
7048 3 0 
7049 3 1 
7050 2 0 
7051 1 4 
7052 6 2 
7053 2 4 
7054 2 3 
7055 3 2 
7056 6 0 
7057 1 5 
7058 3 2 
7059 4 2 
7060 6 6 
7061 5 2 
7062 3 1 
7063 0 1 
7064 1 6 
7065 5 6 
7066 0 5 
7067 1 5 
7068 5 6 
7069 4 4 
7070 1 3 
7071 2 6 
7072 6 0 
7073 0 5 
7074 2 3 
7075 5 0 
7076 5 6 
7077 0 5 
7078 6 4 
7079 3 3 
7080 1 2 
7081 4 3 
7082 2 0 
7083 4 6 
7084 3 2 
7085 4 0 
7086 6 6 
7087 4 2 
7088 2 5 
7089 4 3 
7090 3 5 
7091 2 2 
7092 4 0 
7093 0 2 
7094 6 3 
7095 3 4 
7096 1 3 
7097 1 6 
7098 5 5 
7099 0 5 
7100 3 1 
7101 1 2 
7102 4 5 
7103 4 6 
7104 0 5 
7105 4 2 
7106 2 2 
7107 0 2 
7108 2 1 
7109 1 2 
7110 5 5 
7111 3 5 
7112 6 3 
7113 5 5 
7114 0 1 
7115 1 1 
7116 0 5 
7117 0 5 
7118 6 2 
7119 2 5 
7120 5 6 
7121 4 2 
7122 0 1 
7123 0 0 
7124 5 2 
7125 3 2 
7126 1 4 
7127 4 6 
7128 2 3 
7129 2 1 
7130 3 2 
7131 3 5 
7132 5 0 
7133 4 5 
7134 2 4 
7135 3 6 
7136 2 4 
7137 6 6 
7138 5 6 
7139 6 4 
7140 6 3 
7141 4 4 
7142 2 5 
7143 2 2 
7144 0 4 
7145 1 0 
7146 6 2 
7147 0 4 
7148 1 4 
7149 5 0 
7150 2 2 
7151 6 6 
7152 6 4 
7153 0 3 
7154 2 1 
7155 1 1 
7156 5 0 
7157 3 6 
7158 5 5 
7159 6 1 
7160 0 4 
7161 5 2 
7162 4 3 
7163 1 2 
7164 3 4 
7165 3 6 
7166 6 1 
7167 0 5 
7168 1 3 
7169 1 6 
7170 0 0 
7171 5 6 
7172 3 5 
7173 3 2 
7174 0 0 
7175 4 5 
7176 4 0 
7177 4 6 
7178 6 0 
7179 1 5 
7180 1 3 
7181 4 1 
7182 2 4 
7183 6 0 
7184 5 2 
7185 0 6 
7186 0 1 
7187 2 4 
7188 1 3 
7189 6 4 
7190 3 6 
7191 0 1 
7192 5 3 
7193 4 3 
7194 1 5 
7195 6 1 
7196 3 3 
7197 0 3 
7198 4 5 
7199 3 6 
7200 3 6 
7201 4 6 
7202 3 4 
7203 3 5 
7204 5 6 
7205 2 4 
7206 4 3 
7207 5 1 
7208 4 0 
7209 6 1 
7210 6 5 
7211 5 1 
7212 2 3 
7213 1 5 
7214 5 6 
7215 2 0 
7216 1 2 
7217 6 3 
7218 4 3 
7219 5 0 
7220 5 2 
7221 1 3 
7222 2 5 
7223 5 4 
7224 5 5 
7225 2 3 
7226 3 3 
7227 5 0 
7228 6 5 
7229 6 2 
7230 1 6 
7231 4 0 
7232 3 1 
7233 3 4 
7234 1 3 
7235 6 5 
7236 1 1 
7237 5 1 
7238 3 0 
7239 5 3 
7240 6 4 
7241 5 3 
7242 3 5 
7243 6 2 
7244 0 4 
7245 5 0 
7246 5 2 
7247 2 1 
7248 4 6 
7249 5 5 
7250 1 4 
7251 2 2 
7252 5 1 
7253 6 2 
7254 5 4 
7255 6 2 
7256 6 5 
7257 6 2 
7258 1 5 
7259 2 4 
7260 1 5 
7261 1 6 
7262 3 0 
7263 5 1 
7264 1 3 
7265 5 0 
7266 4 2 
7267 5 2 
7268 3 4 
7269 0 4 
7270 0 4 
7271 0 4 
7272 3 5 
7273 2 1 
7274 2 2 
7275 4 3 
7276 6 5 
7277 0 5 
7278 1 1 
7279 2 3 
7280 1 3 
7281 1 3 
7282 1 4 
7283 1 0 
7284 1 6 
7285 4 6 
7286 6 5 
7287 6 0 
7288 1 6 
7289 1 0 
7290 3 6 
7291 2 4 
7292 5 3 
7293 4 3 
7294 5 2 
7295 0 5 
7296 4 5 
7297 3 3 
7298 4 0 
7299 5 2 
7300 5 5 
7301 5 4 
7302 0 0 
7303 4 2 
7304 3 0 
7305 5 5 
7306 1 0 
7307 3 2 
7308 2 1 
7309 5 1 
7310 1 0 
7311 4 2 
7312 1 6 
7313 2 5 
7314 0 6 
7315 5 3 
7316 5 3 
7317 5 2 
7318 2 6 
7319 1 0 
7320 1 2 
7321 2 6 
7322 1 1 
7323 5 6 
7324 3 1 
7325 3 4 
7326 0 3 
7327 3 3 
7328 5 5 
7329 5 3 
7330 4 3 
7331 3 5 
7332 6 0 
7333 3 6 
7334 4 5 
7335 2 3 
7336 6 0 
7337 0 2 
7338 5 6 
7339 0 3 
7340 2 3 
7341 1 6 
7342 5 1 
7343 6 4 
7344 4 0 
7345 6 0 
7346 6 3 
7347 2 4 
7348 1 6 
7349 5 4 
7350 0 6 
7351 5 1 
7352 6 5 
7353 4 1 
7354 5 6 
7355 3 5 
7356 0 6 
7357 2 4 
7358 0 0 
7359 6 4 
7360 6 2 
7361 5 3 
7362 6 4 
7363 0 0 
7364 3 5 
7365 0 3 
7366 5 6 
7367 5 0 
7368 5 2 
7369 3 6 
7370 4 4 
7371 5 5 
7372 2 3 
7373 4 2 
7374 3 1 
7375 2 0 
7376 6 5 
7377 1 6 
7378 4 6 
7379 2 4 
7380 0 2 
7381 2 5 
7382 5 3 
7383 4 1 
7384 1 4 
7385 6 1 
7386 5 6 
7387 3 5 
7388 3 5 
7389 2 5 
7390 2 5 
7391 2 3 
7392 4 4 
7393 6 4 
7394 4 5 
7395 1 3 
7396 3 4 
7397 4 6 
7398 3 6 
7399 1 3 
7400 4 0 
7401 2 5 
7402 6 2 
7403 0 5 
7404 3 5 
7405 0 3 
7406 1 2 
7407 0 4 
7408 2 2 
7409 4 0 
7410 4 0 
7411 1 4 
7412 2 4 
7413 3 6 
7414 6 3 
7415 5 4 
7416 2 6 
7417 5 0 
7418 2 1 
7419 2 5 
7420 0 1 
7421 2 0 
7422 6 5 
7423 2 6 
7424 1 6 
7425 2 4 
7426 5 0 
7427 6 4 
7428 5 6 
7429 4 1 
7430 1 2 
7431 6 3 
7432 3 1 
7433 2 3 
7434 2 5 
7435 2 1 
7436 4 0 
7437 5 4 
7438 0 5 
7439 3 0 
7440 3 0 
7441 2 1 
7442 5 2 
7443 3 5 
7444 5 5 
7445 1 6 
7446 5 4 
7447 0 3 
7448 6 6 
7449 3 0 
7450 4 5 
7451 3 1 
7452 6 5 
7453 0 6 
7454 4 3 
7455 3 3 
7456 5 3 
7457 5 1 
7458 0 2 
7459 0 1 
7460 6 1 
7461 3 0 
7462 0 2 
7463 2 1 
7464 2 6 
7465 3 3 
7466 4 2 
7467 1 6 
7468 6 6 
7469 3 4 
7470 1 6 
7471 0 2 
7472 2 3 
7473 5 5 
7474 6 6 
7475 3 4 
7476 4 1 
7477 2 1 
7478 2 6 
7479 1 0 
7480 1 4 
7481 1 2 
7482 6 2 
7483 2 2 
7484 0 4 
7485 3 4 
7486 3 3 
7487 6 0 
7488 4 0 
7489 5 2 
7490 0 2 
7491 6 2 
7492 4 1 
7493 6 2 
7494 2 0 
7495 1 3 
7496 4 3 
7497 0 3 
7498 2 5 
7499 0 0 
7500 6 1 
7501 2 5 
7502 5 3 
7503 2 1 
7504 1 6 
7505 3 2 
7506 1 2 
7507 3 3 
7508 6 2 
7509 5 0 
7510 4 0 
7511 4 2 
7512 2 3 
7513 5 6 
7514 2 6 
7515 4 1 
7516 6 4 
7517 0 1 
7518 5 1 
7519 5 3 
7520 4 1 
7521 4 4 
7522 1 0 
7523 0 1 
7524 2 5 
7525 2 3 
7526 6 5 
7527 5 1 
7528 0 4 
7529 0 3 
7530 2 5 
7531 5 4 
7532 3 1 
7533 0 4 
7534 4 4 
7535 0 1 
7536 4 3 
7537 6 6 
7538 1 4 
7539 0 5 
7540 1 3 
7541 5 2 
7542 4 6 
7543 3 0 
7544 5 5 
7545 5 6 
7546 2 3 
7547 2 3 
7548 6 4 
7549 1 5 
7550 0 0 
7551 0 1 
7552 1 5 
7553 5 2 
7554 0 2 
7555 3 3 
7556 6 0 
7557 5 6 
7558 5 4 
7559 2 2 
7560 4 4 
7561 6 5 
7562 6 5 
7563 4 1 
7564 5 2 
7565 6 2 
7566 6 6 
7567 0 1 
7568 2 5 
7569 3 5 
7570 3 0 
7571 2 1 
7572 1 5 
7573 4 6 
7574 0 1 
7575 2 3 
7576 3 6 
7577 4 3 
7578 1 4 
7579 4 5 
7580 3 5 
7581 4 1 
7582 6 3 
7583 6 3 
7584 0 3 
7585 2 1 
7586 5 2 
7587 6 1 
7588 2 5 
7589 5 2 
7590 5 1 
7591 3 1 
7592 3 1 
7593 4 2 
7594 3 5 
7595 2 4 
7596 2 2 
7597 6 0 
7598 0 4 
7599 5 2 
7600 0 4 
7601 6 4 
7602 3 6 
7603 5 4 
7604 5 6 
7605 4 0 
7606 6 3 
7607 4 5 
7608 1 1 
7609 1 5 
7610 5 2 
7611 5 1 
7612 5 1 
7613 3 2 
7614 0 4 
7615 3 6 
7616 1 2 
7617 2 4 
7618 3 5 
7619 2 2 
7620 2 3 
7621 5 5 
7622 3 0 
7623 0 1 
7624 1 0 
7625 0 3 
7626 6 0 
7627 2 6 
7628 0 1 
7629 4 4 
7630 2 5 
7631 1 2 
7632 0 5 
7633 6 2 
7634 3 0 
7635 5 3 
7636 0 5 
7637 3 0 
7638 4 5 
7639 0 3 
7640 0 6 
7641 1 3 
7642 4 3 
7643 3 2 
7644 4 3 
7645 3 5 
7646 2 1 
7647 3 4 
7648 5 2 
7649 0 5 
7650 4 4 
7651 6 0 
7652 3 2 
7653 6 6 
7654 1 5 
7655 0 3 
7656 3 0 
7657 2 2 
7658 0 6 
7659 4 5 
7660 5 0 
7661 3 3 
7662 1 4 
7663 2 0 
7664 6 2 
7665 2 5 
7666 2 2 
7667 3 6 
7668 6 4 
7669 2 5 
7670 6 2 
7671 0 1 
7672 4 1 
7673 0 0 
7674 3 4 
7675 6 1 
7676 6 5 
7677 0 5 
7678 4 6 
7679 1 4 
7680 3 2 
7681 5 1 
7682 3 6 
7683 1 3 
7684 0 3 
7685 6 2 
7686 2 1 
7687 0 6 
7688 1 2 
7689 1 4 
7690 5 4 
7691 0 3 
7692 3 5 
7693 0 0 
7694 2 1 
7695 4 2 
7696 0 1 
7697 4 6 
7698 2 3 
7699 3 2 
7700 3 0 
7701 0 2 
7702 5 0 
7703 4 3 
7704 6 3 
7705 2 0 
7706 2 2 
7707 3 6 
7708 2 4 
7709 3 0 
7710 4 6 
7711 5 3 
7712 0 4 
7713 5 2 
7714 1 1 
7715 1 5 
7716 0 0 
7717 4 0 
7718 6 0 
7719 6 2 
7720 6 0 
7721 5 5 
7722 0 0 
7723 4 6 
7724 5 2 
7725 6 3 
7726 6 0 
7727 0 3 
7728 2 0 
7729 4 6 
7730 6 2 
7731 0 6 
7732 4 6 
7733 2 5 
7734 0 3 
7735 5 4 
7736 0 6 
7737 1 4 
7738 3 1 
7739 3 2 
7740 3 2 
7741 3 1 
7742 3 1 
7743 6 1 
7744 0 4 
7745 0 5 
7746 5 4 
7747 4 0 
7748 0 0 
7749 2 5 
7750 3 1 
7751 6 1 
7752 3 3 
7753 0 2 
7754 0 5 
7755 3 6 
7756 6 1 
7757 5 4 
7758 1 1 
7759 1 1 
7760 1 6 
7761 5 2 
7762 3 6 
7763 4 4 
7764 3 2 
7765 6 4 
7766 4 6 
7767 3 5 
7768 5 2 
7769 0 3 
7770 5 2 
7771 1 3 
7772 1 2 
7773 0 4 
7774 6 6 
7775 5 2 
7776 5 2 
7777 1 5 
7778 6 5 
7779 3 3 
7780 2 6 
7781 2 6 
7782 2 6 
7783 2 1 
7784 1 6 
7785 1 1 
7786 1 6 
7787 3 5 
7788 5 1 
7789 4 6 
7790 2 0 
7791 3 5 
7792 6 2 
7793 5 1 
7794 1 5 
7795 1 4 
7796 0 0 
7797 3 5 
7798 4 6 
7799 5 6 
7800 1 6 
7801 1 1 
7802 1 6 
7803 5 5 
7804 1 0 
7805 0 0 
7806 4 3 
7807 3 0 
7808 5 5 
7809 5 6 
7810 6 4 
7811 5 3 
7812 6 0 
7813 2 6 
7814 6 0 
7815 3 1 
7816 1 4 
7817 4 5 
7818 0 5 
7819 2 6 
7820 1 5 
7821 1 4 
7822 5 5 
7823 6 3 
7824 2 4 
7825 5 5 
7826 0 5 
7827 6 6 
7828 1 4 
7829 2 4 
7830 6 4 
7831 2 0 
7832 5 5 
7833 2 3 
7834 3 4 
7835 6 6 
7836 5 4 
7837 3 3 
7838 1 3 
7839 3 5 
7840 0 1 
7841 4 6 
7842 2 5 
7843 3 0 
7844 0 4 
7845 5 5 
7846 6 0 
7847 4 0 
7848 0 0 
7849 0 5 
7850 5 6 
7851 0 2 
7852 5 1 
7853 1 6 
7854 1 4 
7855 3 6 
7856 5 2 
7857 4 0 
7858 4 6 
7859 6 6 
7860 5 4 
7861 3 0 
7862 6 6 
7863 0 1 
7864 3 1 
7865 2 6 
7866 1 3 
7867 0 1 
7868 6 0 
7869 3 6 
7870 6 4 
7871 0 5 
7872 5 3 
7873 4 1 
7874 4 5 
7875 6 5 
7876 2 1 
7877 3 4 
7878 1 0 
7879 1 1 
7880 5 1 
7881 6 6 
7882 3 6 
7883 1 0 
7884 2 0 
7885 3 1 
7886 4 3 
7887 4 6 
7888 1 2 
7889 1 3 
7890 3 3 
7891 4 5 
7892 0 1 
7893 5 0 
7894 3 4 
7895 6 1 
7896 4 3 
7897 2 5 
7898 4 5 
7899 6 4 
7900 3 6 
7901 4 2 
7902 6 1 
7903 1 5 
7904 1 6 
7905 6 4 
7906 3 5 
7907 3 5 
7908 2 4 
7909 2 6 
7910 6 4 
7911 6 2 
7912 1 4 
7913 6 1 
7914 0 2 
7915 3 3 
7916 1 2 
7917 1 0 
7918 5 2 
7919 1 2 
7920 4 6 
7921 0 4 
7922 0 1 
7923 3 2 
7924 5 0 
7925 6 2 
7926 1 4 
7927 1 4 
7928 6 4 
7929 3 1 
7930 2 4 
7931 6 5 
7932 0 4 
7933 0 5 
7934 5 5 
7935 1 0 
7936 4 3 
7937 3 0 
7938 4 3 
7939 2 4 
7940 1 0 
7941 1 3 
7942 3 5 
7943 6 0 
7944 2 5 
7945 1 5 
7946 0 2 
7947 1 4 
7948 5 2 
7949 2 5 
7950 6 6 
7951 2 2 
7952 1 4 
7953 5 2 
7954 1 3 
7955 2 0 
7956 4 3 
7957 1 5 
7958 4 2 
7959 4 5 
7960 3 0 
7961 0 4 
7962 5 2 
7963 5 4 
7964 2 5 
7965 0 2 
7966 1 0 
7967 4 6 
7968 0 4 
7969 6 2 
7970 0 0 
7971 5 2 
7972 3 4 
7973 2 2 
7974 4 1 
7975 5 0 
7976 0 1 
7977 0 3 
7978 6 0 
7979 3 0 
7980 2 2 
7981 2 2 
7982 5 4 
7983 5 2 
7984 3 3 
7985 2 0 
7986 5 4 
7987 6 1 
7988 4 3 
7989 6 4 
7990 0 3 
7991 3 2 
7992 4 0 
7993 2 5 
7994 2 0 
7995 1 6 
7996 5 6 
7997 1 5 
7998 6 4 
7999 3 4 
8000 0 4 
8001 1 2 
8002 0 3 
8003 0 3 
8004 5 2 
8005 2 3 
8006 3 5 
8007 0 4 
8008 0 5 
8009 2 2 
8010 3 2 
8011 5 6 
8012 5 0 
8013 1 0 
8014 1 4 
8015 0 3 
8016 5 0 
8017 4 1 
8018 4 2 
8019 3 1 
8020 4 4 
8021 1 0 
8022 4 6 
8023 2 0 
8024 0 0 
8025 3 0 
8026 5 5 
8027 5 6 
8028 2 2 
8029 6 2 
8030 0 4 
8031 4 2 
8032 3 5 
8033 4 1 
8034 2 2 
8035 3 1 
8036 6 1 
8037 4 3 
8038 4 3 
8039 2 0 
8040 2 2 
8041 3 4 
8042 3 6 
8043 6 6 
8044 5 0 
8045 6 0 
8046 3 5 
8047 3 4 
8048 2 6 
8049 5 0 
8050 2 0 
8051 1 1 
8052 1 5 
8053 1 3 
8054 3 4 
8055 1 6 
8056 2 6 
8057 6 2 
8058 4 3 
8059 5 1 
8060 3 6 
8061 3 4 
8062 0 1 
8063 1 5 
8064 0 6 
8065 4 4 
8066 4 3 
8067 3 6 
8068 5 1 
8069 4 0 
8070 2 3 
8071 4 6 
8072 6 0 
8073 3 1 
8074 3 3 
8075 6 6 
8076 6 4 
8077 0 6 
8078 5 3 
8079 5 5 
8080 5 6 
8081 0 0 
8082 2 5 
8083 2 2 
8084 0 4 
8085 4 0 
8086 6 5 
8087 6 1 
8088 3 4 
8089 1 1 
8090 5 5 
8091 5 4 
8092 2 1 
8093 2 2 
8094 4 0 
8095 3 4 
8096 4 0 
8097 5 0 
8098 0 0 
8099 4 4 
8100 2 3 
8101 4 2 
8102 6 2 
8103 0 6 
8104 2 2 
8105 4 0 
8106 4 1 
8107 3 1 
8108 6 2 
8109 3 4 
8110 4 1 
8111 4 4 
8112 4 0 
8113 3 3 
8114 2 3 
8115 3 2 
8116 6 1 
8117 4 4 
8118 1 0 
8119 2 6 
8120 2 0 
8121 2 3 
8122 1 5 
8123 1 3 
8124 4 6 
8125 1 0 
8126 5 5 
8127 6 5 
8128 2 1 
8129 3 6 
8130 4 3 
8131 2 2 
8132 2 5 
8133 2 6 
8134 2 1 
8135 3 6 
8136 1 1 
8137 5 4 
8138 6 0 
8139 1 4 
8140 0 5 
8141 1 6 
8142 0 4 
8143 3 3 
8144 5 6 
8145 3 1 
8146 5 6 
8147 2 5 
8148 3 0 
8149 0 5 
8150 4 5 
8151 5 3 
8152 3 0 
8153 2 5 
8154 5 3 
8155 0 4 
8156 2 2 
8157 2 1 
8158 0 1 
8159 6 1 
8160 6 0 
8161 4 6 
8162 6 0 
8163 6 6 
8164 2 6 
8165 6 3 
8166 6 6 
8167 4 6 
8168 1 2 
8169 6 6 
8170 1 1 
8171 2 0 
8172 3 2 
8173 1 4 
8174 1 0 
8175 6 6 
8176 3 3 
8177 6 2 
8178 6 4 
8179 2 1 
8180 2 1 
8181 0 4 
8182 3 2 
8183 4 5 
8184 0 4 
8185 3 2 
8186 6 3 
8187 2 5 
8188 4 4 
8189 5 1 
8190 0 4 
8191 2 3 
8192 2 4 
8193 5 4 
8194 5 6 
8195 0 4 
8196 1 6 
8197 4 0 
8198 1 4 
8199 0 2 
8200 4 4 
8201 6 6 
8202 1 0 
8203 6 2 
8204 2 1 
8205 2 6 
8206 1 3 
8207 2 1 
8208 1 1 
8209 3 3 
8210 5 1 
8211 4 3 
8212 1 5 
8213 0 4 
8214 6 5 
8215 2 5 
8216 4 5 
8217 5 4 
8218 5 2 
8219 4 6 
8220 5 6 
8221 3 1 
8222 0 2 
8223 4 6 
8224 0 6 
8225 5 4 
8226 1 4 
8227 3 5 
8228 3 6 
8229 1 5 
8230 6 4 
8231 6 4 
8232 2 5 
8233 1 4 
8234 6 2 
8235 5 4 
8236 5 4 
8237 6 0 
8238 1 3 
8239 6 1 
8240 6 5 
8241 3 0 
8242 2 2 
8243 1 1 
8244 6 2 
8245 6 1 
8246 1 2 
8247 1 1 
8248 2 0 
8249 1 5 
8250 6 4 
8251 2 1 
8252 0 4 
8253 6 5 
8254 0 2 
8255 1 3 
8256 1 1 
8257 3 3 
8258 3 6 
8259 4 1 
8260 3 2 
8261 6 2 
8262 2 5 
8263 4 4 
8264 2 1 
8265 0 0 
8266 6 6 
8267 6 2 
8268 6 2 
8269 2 2 
8270 3 0 
8271 0 3 
8272 3 3 
8273 5 5 
8274 0 5 
8275 0 0 
8276 2 2 
8277 6 0 
8278 0 2 
8279 6 6 
8280 0 0 
8281 6 5 
8282 2 1 
8283 3 1 
8284 4 2 
8285 1 2 
8286 5 5 
8287 3 1 
8288 5 6 
8289 5 1 
8290 0 2 
8291 1 2 
8292 6 0 
8293 1 3 
8294 2 2 
8295 5 2 
8296 3 4 
8297 2 5 
8298 2 0 
8299 4 3 
8300 2 0 
8301 0 1 
8302 1 0 
8303 5 6 
8304 0 0 
8305 4 1 
8306 2 3 
8307 0 6 
8308 3 6 
8309 6 4 
8310 4 3 
8311 6 0 
8312 3 5 
8313 2 4 
8314 2 0 
8315 4 2 
8316 4 3 
8317 5 1 
8318 0 5 
8319 6 3 
8320 4 5 
8321 1 2 
8322 2 0 
8323 1 1 
8324 3 3 
8325 1 6 
8326 6 4 
8327 4 1 
8328 4 3 
8329 3 4 
8330 6 3 
8331 6 2 
8332 3 2 
8333 4 3 
8334 2 0 
8335 1 5 
8336 2 3 
8337 2 2 
8338 0 2 
8339 3 0 
8340 2 3 
8341 6 6 
8342 5 2 
8343 1 1 
8344 2 3 
8345 4 6 
8346 0 4 
8347 2 2 
8348 3 6 
8349 5 1 
8350 5 5 
8351 1 0 
8352 5 1 
8353 5 4 
8354 4 1 
8355 1 5 
8356 3 2 
8357 2 6 
8358 3 3 
8359 0 3 
8360 0 6 
8361 4 6 
8362 5 2 
8363 6 2 
8364 4 2 
8365 5 5 
8366 3 6 
8367 0 1 
8368 2 5 
8369 1 5 
8370 6 4 
8371 5 2 
8372 3 4 
8373 0 0 
8374 5 4 
8375 0 3 
8376 1 0 
8377 5 6 
8378 2 1 
8379 6 5 
8380 4 5 
8381 5 4 
8382 4 4 
8383 6 6 
8384 5 2 
8385 3 2 
8386 5 3 
8387 1 5 
8388 0 2 
8389 4 2 
8390 2 4 
8391 2 6 
8392 2 0 
8393 0 0 
8394 1 4 
8395 5 5 
8396 3 0 
8397 6 6 
8398 3 5 
8399 1 0 
8400 4 0 
8401 6 4 
8402 1 3 
8403 2 4 
8404 4 5 
8405 0 0 
8406 2 3 
8407 4 3 
8408 5 1 
8409 0 1 
8410 0 2 
8411 6 2 
8412 0 3 
8413 5 4 
8414 1 6 
8415 1 5 
8416 6 2 
8417 6 0 
8418 2 6 
8419 0 5 
8420 6 2 
8421 1 1 
8422 0 5 
8423 2 5 
8424 1 4 
8425 1 1 
8426 6 2 
8427 0 0 
8428 5 3 
8429 3 3 
8430 4 6 
8431 3 1 
8432 0 1 
8433 1 6 
8434 1 3 
8435 0 1 
8436 5 6 
8437 5 4 
8438 4 3 
8439 5 6 
8440 1 0 
8441 1 2 
8442 3 2 
8443 2 2 
8444 3 3 
8445 0 1 
8446 4 5 
8447 4 4 
8448 0 3 
8449 5 2 
8450 5 0 
8451 6 0 
8452 2 0 
8453 1 3 
8454 6 5 
8455 2 5 
8456 1 5 
8457 2 2 
8458 0 1 
8459 0 1 
8460 0 3 
8461 5 1 
8462 6 1 
8463 4 3 
8464 5 2 
8465 3 5 
8466 4 2 
8467 4 6 
8468 5 5 
8469 5 1 
8470 3 2 
8471 5 4 
8472 4 1 
8473 5 5 
8474 6 1 
8475 6 6 
8476 2 5 
8477 4 5 
8478 5 3 
8479 2 5 
8480 1 3 
8481 5 1 
8482 0 5 
8483 4 4 
8484 1 2 
8485 6 5 
8486 4 5 
8487 6 5 
8488 3 1 
8489 2 1 
8490 1 4 
8491 1 5 
8492 4 1 
8493 0 6 
8494 1 1 
8495 4 1 
8496 0 5 
8497 4 3 
8498 3 4 
8499 0 3 
8500 2 2 
8501 4 0 
8502 4 6 
8503 4 1 
8504 4 5 
8505 4 6 
8506 3 6 
8507 2 1 
8508 1 5 
8509 3 2 
8510 1 5 
8511 6 2 
8512 3 1 
8513 3 4 
8514 3 2 
8515 2 6 
8516 5 5 
8517 2 6 
8518 4 5 
8519 5 0 
8520 5 2 
8521 2 0 
8522 3 2 
8523 0 0 
8524 5 0 
8525 0 3 
8526 1 2 
8527 2 6 
8528 5 5 
8529 4 2 
8530 1 1 
8531 4 2 
8532 1 5 
8533 0 3 
8534 1 0 
8535 0 2 
8536 6 3 
8537 6 1 
8538 3 2 
8539 4 1 
8540 1 1 
8541 6 2 
8542 6 3 
8543 1 3 
8544 3 6 
8545 4 4 
8546 4 1 
8547 1 3 
8548 3 6 
8549 2 1 
8550 1 4 
8551 1 4 
8552 4 3 
8553 3 6 
8554 0 5 
8555 4 5 
8556 5 0 
8557 4 0 
8558 4 3 
8559 4 6 
8560 1 2 
8561 6 4 
8562 5 1 
8563 4 0 
8564 4 5 
8565 2 4 
8566 4 2 
8567 2 0 
8568 6 6 
8569 3 3 
8570 5 3 
8571 6 4 
8572 5 1 
8573 2 2 
8574 4 1 
8575 3 0 
8576 1 3 
8577 4 5 
8578 0 1 
8579 6 0 
8580 3 6 
8581 0 1 
8582 6 3 
8583 5 5 
8584 2 3 
8585 5 6 
8586 6 0 
8587 3 4 
8588 0 6 
8589 6 3 
8590 1 6 
8591 0 4 
8592 1 4 
8593 3 0 
8594 1 5 
8595 4 4 
8596 4 2 
8597 5 5 
8598 6 4 
8599 4 1 
8600 1 3 
8601 4 0 
8602 4 4 
8603 3 6 
8604 6 5 
8605 3 0 
8606 5 5 
8607 5 4 
8608 3 1 
8609 6 0 
8610 5 2 
8611 3 0 
8612 4 1 
8613 4 0 
8614 5 0 
8615 6 0 
8616 6 3 
8617 2 3 
8618 4 2 
8619 0 2 
8620 5 0 
8621 2 0 
8622 5 6 
8623 0 0 
8624 6 1 
8625 1 1 
8626 5 4 
8627 0 1 
8628 4 1 
8629 0 1 
8630 5 3 
8631 3 4 
8632 6 6 
8633 0 4 
8634 3 5 
8635 5 4 
8636 3 3 
8637 2 5 
8638 6 6 
8639 4 1 
8640 6 3 
8641 1 1 
8642 4 2 
8643 4 1 
8644 2 1 
8645 6 3 
8646 1 1 
8647 5 3 
8648 2 4 
8649 5 6 
8650 6 0 
8651 0 2 
8652 4 1 
8653 3 6 
8654 1 2 
8655 1 1 
8656 4 3 
8657 0 0 
8658 3 5 
8659 4 0 
8660 4 3 
8661 0 2 
8662 0 1 
8663 4 2 
8664 3 0 
8665 6 1 
8666 3 4 
8667 4 0 
8668 6 2 
8669 1 6 
8670 2 4 
8671 0 6 
8672 3 4 
8673 1 0 
8674 0 2 
8675 3 1 
8676 6 2 
8677 1 1 
8678 2 4 
8679 3 4 
8680 6 1 
8681 3 4 
8682 6 4 
8683 6 6 
8684 2 0 
8685 1 4 
8686 0 3 
8687 1 0 
8688 3 5 
8689 5 0 
8690 4 5 
8691 6 4 
8692 2 1 
8693 3 6 
8694 6 2 
8695 3 4 
8696 5 3 
8697 5 0 
8698 6 2 
8699 4 1 
8700 2 5 
8701 0 0 
8702 1 4 
8703 4 3 
8704 4 3 
8705 2 5 
8706 5 6 
8707 6 1 
8708 0 0 
8709 4 1 
8710 2 3 
8711 2 4 
8712 3 3 
8713 6 5 
8714 5 6 
8715 4 4 
8716 1 2 
8717 0 6 
8718 5 1 
8719 4 5 
8720 0 2 
8721 5 6 
8722 6 5 
8723 0 4 
8724 6 4 
8725 4 5 
8726 6 6 
8727 5 6 
8728 2 5 
8729 2 2 
8730 0 5 
8731 6 4 
8732 1 5 
8733 0 4 
8734 3 0 
8735 4 5 
8736 6 4 
8737 5 5 
8738 2 3 
8739 3 4 
8740 1 1 
8741 6 0 
8742 3 6 
8743 5 6 
8744 4 5 
8745 3 2 
8746 2 4 
8747 3 0 
8748 0 2 
8749 1 5 
8750 3 0 
8751 6 2 
8752 6 6 
8753 1 3 
8754 1 2 
8755 2 5 
8756 5 6 
8757 1 1 
8758 6 0 
8759 2 4 
8760 6 6 
8761 2 6 
8762 6 6 
8763 0 5 
8764 6 5 
8765 5 1 
8766 5 1 
8767 3 0 
8768 1 6 
8769 0 0 
8770 2 5 
8771 0 6 
8772 3 5 
8773 2 0 
8774 6 0 
8775 2 5 
8776 5 3 
8777 4 6 
8778 0 4 
8779 4 2 
8780 6 6 
8781 5 4 
8782 2 1 
8783 6 6 
8784 4 5 
8785 3 2 
8786 4 2 
8787 1 2 
8788 6 2 
8789 5 5 
8790 2 0 
8791 5 1 
8792 5 4 
8793 1 5 
8794 2 1 
8795 1 6 
8796 2 0 
8797 0 3 
8798 5 5 
8799 4 3 
8800 3 5 
8801 3 5 
8802 0 3 
8803 5 5 
8804 6 6 
8805 6 0 
8806 4 0 
8807 2 6 
8808 2 3 
8809 4 0 
8810 1 0 
8811 4 0 
8812 2 1 
8813 5 6 
8814 3 6 
8815 5 2 
8816 1 1 
8817 2 5 
8818 0 1 
8819 6 6 
8820 3 6 
8821 1 3 
8822 1 0 
8823 1 4 
8824 5 5 
8825 6 1 
8826 6 1 
8827 4 1 
8828 6 1 
8829 6 5 
8830 6 0 
8831 2 3 
8832 3 0 
8833 6 5 
8834 2 2 
8835 5 5 
8836 1 1 
8837 3 0 
8838 0 3 
8839 3 2 
8840 4 6 
8841 0 6 
8842 4 3 
8843 2 3 
8844 5 6 
8845 6 6 
8846 6 3 
8847 3 5 
8848 3 1 
8849 6 1 
8850 1 2 
8851 0 2 
8852 4 4 
8853 3 1 
8854 2 3 
8855 2 2 
8856 1 5 
8857 2 1 
8858 5 2 
8859 4 2 
8860 4 1 
8861 1 1 
8862 0 2 
8863 1 3 
8864 2 2 
8865 2 0 
8866 6 3 
8867 1 3 
8868 4 1 
8869 6 0 
8870 3 0 
8871 6 6 
8872 3 5 
8873 2 0 
8874 6 3 
8875 5 5 
8876 3 3 
8877 6 4 
8878 1 3 
8879 6 3 
8880 1 4 
8881 0 1 
8882 6 6 
8883 4 4 
8884 3 2 
8885 1 6 
8886 4 5 
8887 6 5 
8888 2 1 
8889 6 2 
8890 6 3 
8891 5 1 
8892 6 1 
8893 1 5 
8894 5 2 
8895 1 5 
8896 3 3 
8897 2 2 
8898 5 6 
8899 2 5 
8900 1 2 
8901 2 0 
8902 4 4 
8903 1 0 
8904 0 5 
8905 4 3 
8906 1 6 
8907 6 5 
8908 4 0 
8909 6 2 
8910 0 2 
8911 5 6 
8912 5 0 
8913 4 2 
8914 3 6 
8915 2 6 
8916 3 3 
8917 4 2 
8918 0 6 
8919 6 1 
8920 3 2 
8921 2 0 
8922 2 2 
8923 6 4 
8924 2 3 
8925 0 0 
8926 4 6 
8927 1 3 
8928 5 6 
8929 4 0 
8930 5 2 
8931 0 0 
8932 0 1 
8933 3 5 
8934 5 0 
8935 3 5 
8936 1 2 
8937 3 4 
8938 2 6 
8939 5 4 
8940 5 6 
8941 2 1 
8942 3 6 
8943 3 2 
8944 2 6 
