1372
0 1 5 
1 6 0 
2 5 0 
3 3 5 
4 6 1 
5 6 5 
6 0 4 
7 3 0 
8 0 1 
9 5 5 
10 1 5 
11 1 3 
12 5 4 
13 5 1 
14 3 5 
15 0 4 
16 5 6 
17 6 3 
18 3 3 
19 1 5 
20 1 0 
21 5 0 
22 4 4 
23 0 3 
24 3 0 
25 3 1 
26 4 0 
27 6 2 
28 0 2 
29 5 0 
30 2 4 
31 0 2 
32 2 4 
33 2 5 
34 3 6 
35 1 2 
36 2 0 
37 3 1 
38 5 4 
39 0 5 
40 6 0 
41 4 2 
42 6 1 
43 6 2 
44 4 6 
45 5 6 
46 4 3 
47 3 2 
48 6 3 
49 3 6 
50 5 5 
51 1 2 
52 3 5 
53 4 6 
54 0 2 
55 5 1 
56 0 4 
57 3 4 
58 6 4 
59 1 5 
60 5 2 
61 5 2 
62 1 1 
63 4 1 
64 6 2 
65 3 6 
66 4 3 
67 2 2 
68 4 1 
69 1 4 
70 6 3 
71 1 0 
72 6 4 
73 5 6 
74 3 1 
75 3 3 
76 5 6 
77 0 4 
78 4 5 
79 6 6 
80 2 3 
81 1 0 
82 3 4 
83 0 2 
84 0 6 
85 2 1 
86 3 6 
87 5 6 
88 0 6 
89 6 5 
90 2 6 
91 6 0 
92 0 2 
93 4 6 
94 1 1 
95 6 5 
96 1 6 
97 0 5 
98 5 0 
99 4 3 
100 5 5 
101 2 0 
102 5 4 
103 3 4 
104 0 5 
105 1 2 
106 6 6 
107 1 3 
108 4 6 
109 4 1 
110 3 0 
111 6 5 
112 4 4 
113 1 6 
114 4 1 
115 6 3 
116 2 5 
117 0 0 
118 2 6 
119 0 5 
120 4 2 
121 0 3 
122 4 3 
123 0 4 
124 3 2 
125 2 6 
126 2 4 
127 6 6 
128 2 3 
129 1 4 
130 0 6 
131 6 2 
132 6 3 
133 4 3 
134 4 5 
135 3 3 
136 6 1 
137 2 5 
138 1 6 
139 1 4 
140 3 2 
141 0 2 
142 5 0 
143 6 3 
144 3 1 
145 4 5 
146 3 2 
147 3 0 
148 4 4 
149 5 2 
150 5 4 
151 1 1 
152 6 6 
153 3 1 
154 5 4 
155 3 2 
156 2 1 
157 0 1 
158 0 1 
159 5 4 
160 0 5 
161 4 6 
162 0 5 
163 4 0 
164 6 0 
165 1 1 
166 2 5 
167 6 1 
168 3 4 
169 5 6 
170 1 4 
171 5 5 
172 0 0 
173 5 5 
174 2 4 
175 5 4 
176 6 2 
177 2 3 
178 1 2 
179 1 2 
180 5 6 
181 1 6 
182 4 6 
183 2 4 
184 6 2 
185 4 5 
186 2 6 
187 5 3 
188 1 5 
189 4 6 
190 4 6 
191 2 5 
192 6 1 
193 4 5 
194 6 5 
195 4 6 
196 5 1 
197 0 3 
198 5 0 
199 6 6 
200 6 3 
201 0 4 
202 1 3 
203 0 2 
204 0 0 
205 6 1 
206 5 0 
207 6 4 
208 0 4 
209 3 5 
210 2 5 
211 2 5 
212 3 3 
213 0 4 
214 6 1 
215 5 5 
216 5 6 
217 2 6 
218 3 2 
219 0 6 
220 1 1 
221 3 4 
222 3 6 
223 3 5 
224 0 2 
225 0 3 
226 2 6 
227 5 0 
228 0 5 
229 3 3 
230 6 6 
231 0 5 
232 3 5 
233 6 4 
234 0 0 
235 6 6 
236 0 1 
237 6 6 
238 1 2 
239 6 6 
240 5 4 
241 6 5 
242 4 6 
243 3 6 
244 2 2 
245 0 3 
246 3 3 
247 1 1 
248 0 1 
249 5 3 
250 3 1 
251 6 2 
252 0 2 
253 5 2 
254 3 1 
255 2 4 
256 3 3 
257 3 0 
258 2 2 
259 4 3 
260 0 0 
261 4 6 
262 1 2 
263 6 2 
264 1 1 
265 3 5 
266 0 3 
267 6 2 
268 4 4 
269 6 3 
270 2 6 
271 0 4 
272 3 0 
273 5 4 
274 3 6 
275 3 6 
276 3 4 
277 5 0 
278 2 4 
279 1 1 
280 5 2 
281 6 3 
282 6 2 
283 1 6 
284 4 5 
285 1 1 
286 3 2 
287 4 0 
288 0 6 
289 4 3 
290 2 1 
291 1 0 
292 2 2 
293 5 1 
294 3 3 
295 5 3 
296 1 3 
297 6 6 
298 2 5 
299 1 6 
300 4 6 
301 6 2 
302 1 4 
303 3 6 
304 2 3 
305 2 3 
306 0 2 
307 4 5 
308 5 4 
309 2 6 
310 1 2 
311 6 3 
312 2 3 
313 2 3 
314 6 2 
315 1 5 
316 3 0 
317 4 3 
318 0 5 
319 6 0 
320 4 3 
321 4 0 
322 5 2 
323 5 0 
324 5 1 
325 1 5 
326 3 5 
327 5 1 
328 0 0 
329 5 2 
330 2 5 
331 1 5 
332 5 3 
333 2 6 
334 1 2 
335 1 1 
336 4 5 
337 6 3 
338 3 2 
339 5 1 
340 2 3 
341 6 3 
342 0 1 
343 2 5 
344 4 3 
345 2 5 
346 5 6 
347 4 5 
348 2 0 
349 0 5 
350 2 1 
351 5 4 
352 6 5 
353 0 1 
354 5 3 
355 5 4 
356 2 0 
357 5 3 
358 4 3 
359 6 5 
360 1 6 
361 4 5 
362 4 1 
363 1 3 
364 1 5 
365 4 5 
366 2 4 
367 1 4 
368 4 0 
369 5 4 
370 4 2 
371 5 5 
372 4 6 
373 5 6 
374 6 5 
375 4 5 
376 2 2 
377 3 1 
378 5 4 
379 0 6 
380 3 5 
381 6 0 
382 1 0 
383 3 1 
384 1 1 
385 5 0 
386 2 4 
387 0 0 
388 2 2 
389 6 3 
390 1 1 
391 0 0 
392 4 0 
393 6 6 
394 5 2 
395 4 3 
396 4 3 
397 4 0 
398 0 5 
399 2 5 
400 6 4 
401 1 6 
402 4 1 
403 2 6 
404 3 0 
405 2 4 
406 0 5 
407 0 6 
408 4 1 
409 1 0 
410 2 2 
411 4 2 
412 3 6 
413 4 5 
414 0 2 
415 1 6 
416 0 6 
417 3 5 
418 5 1 
419 3 0 
420 6 4 
421 3 4 
422 1 3 
423 4 5 
424 4 2 
425 2 5 
426 0 5 
427 1 1 
428 6 4 
429 2 4 
430 3 3 
431 5 3 
432 3 3 
433 0 3 
434 5 0 
435 3 1 
436 2 5 
437 4 5 
438 5 2 
439 6 4 
440 5 2 
441 3 2 
442 2 3 
443 1 5 
444 2 6 
445 2 1 
446 1 3 
447 6 4 
448 6 6 
449 3 1 
450 4 0 
451 0 1 
452 3 0 
453 6 1 
454 0 2 
455 1 4 
456 3 3 
457 5 2 
458 5 5 
459 3 1 
460 2 2 
461 3 4 
462 3 5 
463 5 5 
464 3 3 
465 1 5 
466 3 3 
467 3 1 
468 4 5 
469 2 4 
470 0 5 
471 2 0 
472 0 2 
473 5 1 
474 0 5 
475 3 5 
476 2 4 
477 4 2 
478 4 4 
479 0 6 
480 2 0 
481 5 2 
482 5 6 
483 1 1 
484 0 4 
485 3 0 
486 2 4 
487 6 3 
488 0 4 
489 3 3 
490 0 4 
491 2 6 
492 0 5 
493 0 0 
494 3 3 
495 0 4 
496 5 0 
497 2 0 
498 4 3 
499 1 1 
500 2 1 
501 0 3 
502 3 1 
503 3 1 
504 2 4 
505 1 1 
506 1 3 
507 4 5 
508 0 3 
509 2 2 
510 5 2 
511 1 0 
512 0 3 
513 3 3 
514 1 2 
515 0 4 
516 1 0 
517 5 3 
518 6 0 
519 5 4 
520 3 0 
521 0 6 
522 5 1 
523 5 4 
524 2 4 
525 1 3 
526 4 1 
527 5 4 
528 3 4 
529 1 2 
530 6 3 
531 1 5 
532 2 4 
533 5 4 
534 4 6 
535 0 6 
536 1 4 
537 5 2 
538 6 0 
539 0 0 
540 3 0 
541 6 6 
542 1 2 
543 2 5 
544 2 0 
545 3 3 
546 2 0 
547 0 6 
548 0 4 
549 1 1 
550 3 3 
551 6 6 
552 5 2 
553 6 3 
554 0 1 
555 0 0 
556 6 6 
557 3 3 
558 5 2 
559 0 6 
560 4 6 
561 5 3 
562 3 2 
563 6 0 
564 6 0 
565 2 1 
566 5 0 
567 1 3 
568 3 3 
569 4 3 
570 6 0 
571 2 5 
572 2 2 
573 3 6 
574 2 1 
575 3 1 
576 5 3 
577 5 6 
578 0 6 
579 3 3 
580 0 4 
581 2 3 
582 1 6 
583 4 6 
584 6 0 
585 6 2 
586 3 0 
587 2 4 
588 0 4 
589 5 4 
590 6 3 
591 2 0 
592 2 3 
593 4 2 
594 1 4 
595 3 5 
596 3 4 
597 2 5 
598 0 1 
599 6 1 
600 5 1 
601 4 3 
602 0 6 
603 0 3 
604 0 6 
605 2 5 
606 0 3 
607 0 4 
608 3 3 
609 1 4 
610 0 2 
611 6 6 
612 1 5 
613 5 5 
614 1 4 
615 4 0 
616 2 3 
617 3 1 
618 0 4 
619 5 1 
620 0 6 
621 2 3 
622 0 2 
623 0 6 
624 4 0 
625 5 6 
626 6 5 
627 4 0 
628 6 3 
629 6 4 
630 5 5 
631 3 2 
632 0 5 
633 6 0 
634 5 5 
635 6 0 
636 0 0 
637 5 3 
638 5 4 
639 2 3 
640 1 5 
641 3 5 
642 2 1 
643 2 3 
644 2 3 
645 0 0 
646 1 4 
647 1 1 
648 5 3 
649 6 0 
650 1 0 
651 4 5 
652 2 1 
653 2 3 
654 4 2 
655 5 5 
656 0 1 
657 2 2 
658 6 0 
659 0 2 
660 2 0 
661 4 3 
662 1 1 
663 5 3 
664 3 5 
665 3 4 
666 6 6 
667 2 1 
668 3 3 
669 3 6 
670 6 0 
671 5 2 
672 5 2 
673 2 4 
674 4 5 
675 5 2 
676 1 1 
677 4 3 
678 0 6 
679 1 5 
680 5 6 
681 4 3 
682 2 5 
683 0 6 
684 6 6 
685 2 3 
686 1 1 
687 3 0 
688 3 5 
689 4 2 
690 6 5 
691 4 6 
692 4 2 
693 1 1 
694 3 4 
695 0 4 
696 4 3 
697 4 3 
698 1 3 
699 5 4 
700 2 4 
701 0 3 
702 4 5 
703 0 3 
704 5 5 
705 4 6 
706 6 3 
707 4 5 
708 5 6 
709 3 3 
710 5 2 
711 2 2 
712 3 1 
713 6 5 
714 4 2 
715 2 4 
716 5 5 
717 4 1 
718 0 4 
719 4 3 
720 4 0 
721 0 3 
722 0 0 
723 1 1 
724 5 1 
725 0 3 
726 2 3 
727 3 6 
728 2 1 
729 6 4 
730 6 5 
731 6 6 
732 4 0 
733 2 4 
734 2 0 
735 2 1 
736 3 4 
737 5 0 
738 0 2 
739 3 6 
740 1 6 
741 1 5 
742 3 6 
743 1 6 
744 0 5 
745 6 4 
746 1 2 
747 6 6 
748 1 5 
749 4 1 
750 1 0 
751 2 6 
752 5 0 
753 4 4 
754 4 2 
755 3 4 
756 5 5 
757 3 1 
758 1 5 
759 0 5 
760 4 1 
761 6 1 
762 2 5 
763 1 2 
764 4 6 
765 5 5 
766 4 3 
767 4 3 
768 0 3 
769 6 2 
770 3 2 
771 1 3 
772 1 0 
773 2 6 
774 5 6 
775 0 5 
776 0 0 
777 1 6 
778 2 6 
779 3 5 
780 3 5 
781 2 1 
782 0 5 
783 4 4 
784 0 5 
785 4 1 
786 0 5 
787 4 0 
788 5 3 
789 5 0 
790 4 1 
791 5 1 
792 3 3 
793 1 0 
794 0 0 
795 4 0 
796 3 4 
797 5 3 
798 5 2 
799 4 4 
800 0 5 
801 2 3 
802 3 2 
803 0 5 
804 6 5 
805 2 3 
806 2 1 
807 1 3 
808 2 2 
809 2 3 
810 3 6 
811 1 1 
812 4 6 
813 3 6 
814 5 6 
815 1 6 
816 6 3 
817 3 2 
818 4 4 
819 5 3 
820 0 5 
821 3 4 
822 3 4 
823 5 0 
824 0 5 
825 4 0 
826 0 6 
827 4 5 
828 6 6 
829 1 0 
830 4 3 
831 6 2 
832 2 2 
833 1 0 
834 5 2 
835 0 2 
836 5 4 
837 5 4 
838 4 1 
839 4 3 
840 5 5 
841 4 1 
842 1 2 
843 5 0 
844 2 6 
845 6 5 
846 5 3 
847 2 5 
848 2 1 
849 3 5 
850 6 2 
851 0 0 
852 6 1 
853 5 1 
854 2 1 
855 5 0 
856 5 4 
857 5 1 
858 3 5 
859 3 5 
860 2 3 
861 0 2 
862 0 6 
863 1 0 
864 6 6 
865 2 5 
866 5 2 
867 1 1 
868 3 1 
869 1 1 
870 4 3 
871 4 1 
872 2 0 
873 1 4 
874 6 5 
875 2 1 
876 3 0 
877 0 5 
878 5 6 
879 1 0 
880 3 4 
881 3 4 
882 6 3 
883 6 4 
884 1 2 
885 1 1 
886 5 4 
887 4 2 
888 1 1 
889 2 3 
890 4 2 
891 6 0 
892 4 1 
893 6 2 
894 2 6 
895 5 6 
896 1 5 
897 1 1 
898 1 6 
899 3 4 
900 0 4 
901 6 5 
902 2 5 
903 1 0 
904 6 6 
905 5 1 
906 6 5 
907 3 6 
908 6 2 
909 6 0 
910 1 1 
911 5 6 
912 0 0 
913 4 6 
914 1 5 
915 2 5 
916 6 2 
917 1 4 
918 0 1 
919 3 5 
920 4 2 
921 2 3 
922 4 4 
923 2 0 
924 6 6 
925 0 5 
926 3 4 
927 4 3 
928 4 5 
929 6 2 
930 3 5 
931 5 3 
932 1 6 
933 3 4 
934 5 2 
935 2 6 
936 0 4 
937 1 1 
938 0 2 
939 4 0 
940 1 0 
941 0 5 
942 0 1 
943 4 0 
944 3 0 
945 2 4 
946 6 3 
947 4 1 
948 3 3 
949 4 3 
950 4 3 
951 2 6 
952 3 6 
953 6 4 
954 1 3 
955 5 3 
956 3 6 
957 0 2 
958 1 0 
959 1 2 
960 0 2 
961 6 3 
962 4 4 
963 2 4 
964 1 5 
965 2 4 
966 4 4 
967 6 0 
968 3 1 
969 0 1 
970 4 1 
971 0 1 
972 2 6 
973 2 2 
974 2 6 
975 1 3 
976 0 4 
977 5 2 
978 1 0 
979 2 6 
980 0 5 
981 5 2 
982 6 2 
983 0 5 
984 2 6 
985 6 4 
986 1 0 
987 6 1 
988 2 5 
989 3 5 
990 4 2 
991 2 3 
992 3 1 
993 4 1 
994 2 0 
995 5 4 
996 1 3 
997 6 0 
998 4 5 
999 0 5 
1000 6 6 
1001 2 3 
1002 2 4 
1003 2 0 
1004 2 6 
1005 0 5 
1006 0 0 
1007 6 1 
1008 6 5 
1009 6 4 
1010 0 6 
1011 5 5 
1012 0 3 
1013 1 2 
1014 1 0 
1015 2 2 
1016 4 6 
1017 1 4 
1018 5 6 
1019 6 1 
1020 0 6 
1021 3 2 
1022 2 2 
1023 4 4 
1024 2 5 
1025 6 5 
1026 6 1 
1027 5 1 
1028 5 3 
1029 0 0 
1030 5 0 
1031 2 3 
1032 1 6 
1033 4 2 
1034 4 0 
1035 1 3 
1036 6 2 
1037 2 3 
1038 4 1 
1039 0 6 
1040 3 4 
1041 2 6 
1042 4 3 
1043 5 1 
1044 1 4 
1045 3 5 
1046 2 4 
1047 0 1 
1048 6 5 
1049 5 5 
1050 3 5 
1051 6 0 
1052 3 6 
1053 0 1 
1054 5 5 
1055 2 1 
1056 5 2 
1057 2 1 
1058 5 3 
1059 3 0 
1060 2 3 
1061 2 3 
1062 0 3 
1063 4 1 
1064 6 5 
1065 3 2 
1066 4 3 
1067 5 1 
1068 0 3 
1069 5 1 
1070 4 3 
1071 4 0 
1072 5 3 
1073 4 2 
1074 3 3 
1075 0 4 
1076 3 6 
1077 2 2 
1078 4 4 
1079 3 3 
1080 5 0 
1081 0 1 
1082 2 2 
1083 5 3 
1084 3 4 
1085 5 0 
1086 3 6 
1087 0 3 
1088 4 4 
1089 3 6 
1090 2 6 
1091 6 4 
1092 6 4 
1093 1 2 
1094 4 4 
1095 6 1 
1096 6 1 
1097 4 6 
1098 5 3 
1099 1 3 
1100 1 3 
1101 3 1 
1102 0 2 
1103 0 1 
1104 5 3 
1105 6 5 
1106 6 4 
1107 4 1 
1108 6 2 
1109 4 0 
1110 3 2 
1111 0 6 
1112 1 2 
1113 6 2 
1114 0 4 
1115 3 1 
1116 1 5 
1117 2 4 
1118 0 2 
1119 3 3 
1120 0 1 
1121 6 2 
1122 1 1 
1123 1 0 
1124 5 3 
1125 0 5 
1126 6 4 
1127 1 1 
1128 6 2 
1129 6 3 
1130 2 5 
1131 4 5 
1132 3 0 
1133 2 6 
1134 0 2 
1135 2 2 
1136 3 1 
1137 1 5 
1138 2 1 
1139 5 5 
1140 6 4 
1141 3 1 
1142 3 0 
1143 5 1 
1144 5 3 
1145 3 5 
1146 5 0 
1147 0 2 
1148 1 5 
1149 5 2 
1150 2 6 
1151 2 2 
1152 0 6 
1153 6 0 
1154 2 1 
1155 6 3 
1156 2 2 
1157 2 4 
1158 6 5 
1159 1 4 
1160 0 3 
1161 6 2 
1162 2 1 
1163 2 4 
1164 1 6 
1165 4 3 
1166 4 1 
1167 4 0 
1168 5 6 
1169 1 2 
1170 5 2 
1171 6 0 
1172 1 2 
1173 1 2 
1174 4 3 
1175 3 2 
1176 2 1 
1177 0 3 
1178 0 0 
1179 5 0 
1180 3 0 
1181 2 0 
1182 6 1 
1183 3 3 
1184 3 1 
1185 3 0 
1186 4 2 
1187 5 3 
1188 1 4 
1189 0 6 
1190 2 1 
1191 1 1 
1192 6 4 
1193 0 6 
1194 2 6 
1195 6 1 
1196 3 1 
1197 4 0 
1198 6 2 
1199 5 3 
1200 3 3 
1201 6 3 
1202 1 6 
1203 2 0 
1204 3 2 
1205 6 0 
1206 2 5 
1207 6 0 
1208 2 5 
1209 4 3 
1210 2 1 
1211 3 1 
1212 4 4 
1213 3 1 
1214 4 3 
1215 2 1 
1216 5 1 
1217 4 4 
1218 5 3 
1219 4 6 
1220 3 3 
1221 3 4 
1222 6 0 
1223 5 3 
1224 2 3 
1225 1 2 
1226 2 2 
1227 5 3 
1228 6 2 
1229 2 0 
1230 0 3 
1231 5 1 
1232 4 5 
1233 4 5 
1234 5 3 
1235 2 4 
1236 3 4 
1237 5 2 
1238 3 3 
1239 4 0 
1240 0 2 
1241 4 1 
1242 5 0 
1243 6 1 
1244 2 5 
1245 4 6 
1246 5 5 
1247 6 6 
1248 0 5 
1249 4 5 
1250 5 1 
1251 3 6 
1252 1 6 
1253 0 2 
1254 5 2 
1255 6 1 
1256 5 6 
1257 4 3 
1258 0 1 
1259 2 1 
1260 4 5 
1261 0 6 
1262 6 5 
1263 0 2 
1264 4 4 
1265 5 5 
1266 0 6 
1267 0 1 
1268 3 0 
1269 1 3 
1270 6 6 
1271 2 3 
1272 1 2 
1273 4 5 
1274 6 3 
1275 4 3 
1276 1 5 
1277 3 6 
1278 6 4 
1279 6 3 
1280 3 5 
1281 2 2 
1282 3 1 
1283 1 1 
1284 3 5 
1285 3 5 
1286 5 1 
1287 4 3 
1288 2 0 
1289 6 4 
1290 0 2 
1291 3 4 
1292 3 6 
1293 5 2 
1294 1 0 
1295 0 5 
1296 3 5 
1297 2 5 
1298 1 4 
1299 5 0 
1300 2 5 
1301 3 3 
1302 1 4 
1303 1 4 
1304 3 4 
1305 5 3 
1306 5 6 
1307 5 5 
1308 6 0 
1309 1 4 
1310 4 3 
1311 4 4 
1312 1 6 
1313 5 4 
1314 2 6 
1315 1 1 
1316 2 2 
1317 4 6 
1318 5 6 
1319 1 2 
1320 3 0 
1321 5 2 
1322 2 6 
1323 0 6 
1324 0 2 
1325 1 1 
1326 0 3 
1327 2 2 
1328 4 1 
1329 3 1 
1330 2 3 
1331 1 6 
1332 0 1 
1333 5 3 
1334 0 2 
1335 0 4 
1336 3 3 
1337 4 4 
1338 6 0 
1339 5 3 
1340 1 4 
1341 6 5 
1342 1 3 
1343 5 0 
1344 2 5 
1345 2 4 
1346 4 3 
1347 5 2 
1348 5 3 
1349 0 6 
1350 0 1 
1351 3 6 
1352 2 1 
1353 6 5 
1354 0 1 
1355 3 5 
1356 2 6 
1357 0 0 
1358 4 0 
1359 3 6 
1360 5 2 
1361 0 0 
1362 2 5 
1363 6 2 
1364 0 2 
1365 6 6 
1366 3 2 
1367 6 3 
1368 3 0 
1369 0 6 
1370 4 2 
1371 6 0 
